3
1
0
0
0
1
0
0
1
0
2
0
2
0
2
1
0
3
0
1
3
0
0
2
2
2
0
4
3
0
3
3
2
7
6
3
5
8
9
5
9
6
6
1
3
3
3
5
7
8
5
5
6
6
4
13
6
7
2
2
4
1
2
4
4
6
2
1
3
3
1
1
0
2
0
4
0
1
1
0
2
3
1
0
1
1
0
1
1
0
0
0
0
0
0
0
0
0
0
0
0
0
1
0
1
2
1
1
0
0
2
1
0
0
0
1
1
0
1
0
2
0
2
0
2
1
0
3
0
2
3
0
0
2
1
2
0
4
3
0
3
3
1
7
6
3
5
7
9
5
9
6
6
1
3
3
3
5
7
8
4
5
4
6
4
13
6
7
2
2
4
1
2
4
4
6
2
1
2
3
1
1
0
2
0
4
0
1
1
0
2
3
1
0
1
1
0
1
1
0
0
0
0
0
0
0
0
0
0
0
0
0
1
1
1
2
1
1
0
0
2
1
0
0
0
1
1
0
1
0
2
0
2
0
2
1
0
3
0
2
3
0
0
2
1
2
0
4
3
0
3
4
1
7
6
3
5
7
9
5
9
6
6
1
3
2
3
5
7
8
4
5
4
7
4
13
6
6
2
2
3
1
2
3
4
5
2
1
2
3
1
1
0
2
0
4
0
1
1
0
2
3
1
0
1
1
0
1
1
0
0
0

