1
1
0
0
1
1
2
2
1
3
0
1
1
0
1
2
1
1
1
0
1
0
0
3
0
2
2
4
3
1
1
3
5
4
2
2
1
4
1
4
1
7
4
7
1
1
1
6
8
7
5
3
5
8
4
3
5
3
5
5
4
7
3
6
6
8
3
8
5
3
2
3
1
3
3
1
1
1
0
1
1
0
0
1
2
0
0
0
0
0
0
0
0
0
0
0
0
0
0
0
0
0
6
2
0
0
0
1
0
0
1
1
0
0
1
1
2
2
1
3
0
1
1
0
1
2
1
2
1
0
1
0
0
3
0
2
2
4
3
1
1
3
5
4
2
2
1
4
1
4
1
6
5
7
1
1
1
6
8
7
4
3
5
8
4
4
5
3
5
5
4
7
3
6
6
8
3
8
5
3
2
3
1
3
3
1
1
1
0
1
0
0
0
1
2
0
0
0
0
0
0
0
0
0
0
0
0
0
0
0
0
0
6
2
0
0
0
1
0
0
1
1
0
1
1
1
2
2
1
3
0
1
1
0
1
1
1
2
1
0
1
0
0
3
0
2
1
4
3
1
1
3
4
4
2
2
1
3
1
4
1
6
5
7
1
1
1
6
7
7
4
3
5
8
4
3
5
3
4
5
4
7
3
6
6
8
3
8
5
3
2
3
1
3
3
1
0
1
0
1
0
0
0
0
2
0
0
0
0
0
0
0

