0
0
1
0
0
0
0
1
0
0
1
4
0
1
1
0
0
0
1
1
2
3
0
2
1
2
1
0
1
0
3
5
2
2
4
1
2
4
8
7
10
3
4
5
5
0
3
7
5
3
7
10
9
5
1
5
2
6
7
1
3
10
2
4
2
2
4
0
3
4
4
1
3
0
3
3
0
0
2
1
1
0
0
0
0
0
0
0
0
0
0
0
0
0
0
0
0
0
0
0
0
0
2
1
1
1
2
0
1
1
0
0
1
0
0
0
0
1
1
0
1
4
0
1
1
0
0
0
1
1
2
3
0
2
1
2
1
0
1
0
3
5
2
2
4
1
2
3
7
7
10
3
4
5
5
0
3
6
4
3
7
8
9
5
1
5
2
6
7
1
3
10
1
4
2
2
4
0
3
4
4
1
3
0
2
3
0
0
2
1
1
0
0
0
0
0
0
0
0
0
0
0
0
0
0
0
0
0
0
0
0
0
2
1
0
1
1
0
1
1
0
0
1
0
0
0
0
1
1
0
1
4
0
1
1
0
0
0
0
1
2
3
1
2
1
2
1
0
1
0
3
5
2
3
4
1
2
3
6
7
9
3
4
5
5
0
3
5
4
2
7
7
8
5
1
5
2
6
7
1
3
10
1
4
1
2
3
0
3
4
4
1
3
0
2
3
0
0
2
1
1
0
0
0
0
0
0
0
0
0
0
0

