0
0
0
1
0
2
1
0
1
3
3
1
3
1
0
1
0
2
2
3
2
2
3
0
0
1
3
3
1
2
1
7
4
4
1
6
3
5
3
9
1
2
4
7
1
5
4
8
3
8
3
9
1
3
8
10
3
6
7
3
5
2
2
1
2
4
3
1
1
2
3
3
3
0
0
0
1
3
0
3
0
0
0
0
0
1
0
0
0
0
0
0
0
0
0
0
0
0
0
0
0
0
4
2
0
1
0
2
3
0
0
0
0
1
0
2
1
0
1
3
3
1
3
1
0
2
0
2
2
3
1
2
3
0
0
1
3
3
1
2
1
7
4
4
0
6
3
5
3
9
1
2
4
7
1
5
4
8
2
8
3
8
1
3
7
10
3
6
7
3
5
2
2
1
2
4
2
1
1
1
2
2
3
0
0
0
1
3
0
3
0
0
0
0
0
0
0
0
0
0
0
0
0
0
0
0
0
0
0
0
0
0
5
2
1
1
0
2
3
0
0
0
0
1
0
2
1
0
1
3
3
1
3
1
0
2
0
2
1
2
1
2
2
0
0
1
3
3
1
1
1
7
4
4
0
5
3
5
3
9
1
2
4
7
1
5
4
7
2
7
3
8
1
4
7
10
3
4
5
3
5
1
2
1
2
4
2
1
1
1
2
2
2
1
0
0
1
3
0
3
0
0
0
0
0
0
0
0
0
0
0
0

