0
1
0
2
0
0
0
2
0
2
1
1
1
1
2
3
0
3
0
0
4
2
1
2
2
2
1
3
9
4
1
0
3
6
5
3
3
1
4
3
4
3
4
2
7
6
1
7
4
7
5
11
5
6
9
7
7
4
1
3
2
3
2
0
4
4
7
2
2
1
3
4
1
4
1
3
2
1
0
0
0
0
0
0
0
1
0
0
0
0
0
0
0
0
0
0
0
0
0
0
0
0
5
3
2
0
2
3
1
1
1
1
0
2
0
0
0
2
0
2
1
1
1
1
2
3
0
3
0
0
4
2
1
2
2
2
2
3
9
4
1
0
3
5
6
3
3
1
4
3
4
3
4
2
6
6
1
7
4
7
5
10
5
7
9
7
7
4
1
3
2
3
2
0
3
4
7
2
2
1
3
4
1
4
1
3
2
1
0
0
0
0
0
0
0
1
0
0
0
0
0
0
0
0
0
0
0
0
0
0
0
0
5
5
2
0
2
3
1
1
1
2
0
2
0
0
0
2
0
2
0
1
1
1
3
3
0
2
0
0
4
2
1
1
1
2
2
3
8
4
1
0
4
5
6
3
3
1
4
3
4
3
4
1
6
6
1
7
3
7
5
9
5
6
9
7
6
3
1
2
2
3
2
0
3
3
7
2
2
1
3
4
2
4
1
3
2
1
0
0
0
0
0
0
0
1
0
0
0
0
0
0

