0
1
0
1
1
0
4
1
0
2
1
0
0
3
0
1
0
0
4
5
1
2
2
2
2
0
2
5
4
3
6
3
5
3
3
2
1
3
8
6
3
6
3
5
3
3
5
2
5
10
3
4
7
6
3
4
2
6
10
2
5
9
4
4
3
1
3
2
3
3
5
1
2
0
1
1
1
1
0
1
1
0
0
0
0
0
0
0
0
0
0
0
0
0
0
0
0
0
0
0
0
0
6
1
0
1
3
0
3
0
0
2
0
2
1
0
4
2
0
2
1
0
0
3
0
1
0
0
5
5
1
2
2
2
2
0
2
5
4
3
6
3
5
3
3
2
1
3
8
5
3
7
3
5
3
3
5
2
5
10
3
4
8
6
3
4
2
6
9
2
5
7
4
4
3
1
3
2
3
3
5
1
2
0
1
1
1
1
0
1
1
0
0
0
0
0
0
0
0
0
0
0
0
0
0
0
0
0
0
0
0
0
6
1
0
1
3
1
3
0
0
2
0
2
1
0
4
2
0
2
1
0
0
3
0
1
0
0
5
6
1
2
2
2
2
0
2
4
4
3
6
3
4
3
3
2
1
3
8
5
3
7
3
5
3
3
5
2
5
10
3
4
8
6
3
4
3
5
9
2
4
7
4
4
3
1
3
2
3
3
5
1
2
0
1
1
1
2
0
1
1
0
0
0
0
0
0
0
0
0
0
0

