1
1
0
0
3
1
2
0
0
1
0
1
1
1
1
1
2
1
1
6
1
2
1
3
2
1
0
5
2
2
2
0
3
4
1
1
2
5
5
4
3
4
5
3
3
5
5
10
7
6
9
6
9
5
10
5
9
4
4
8
1
8
1
3
8
3
5
0
1
5
2
2
3
5
1
2
0
1
0
2
1
0
0
0
0
1
0
0
0
0
0
0
0
0
0
0
0
0
0
0
0
0
5
0
0
0
2
2
0
0
2
1
0
0
3
1
3
0
0
1
0
1
1
1
0
1
1
1
1
5
1
2
1
3
2
1
0
5
2
2
2
0
2
4
1
1
2
5
5
4
3
4
3
3
3
5
5
10
7
5
8
6
8
5
10
5
9
4
4
8
1
8
1
3
8
3
5
0
1
5
2
2
3
5
1
2
0
1
0
2
1
0
1
0
0
1
0
0
0
0
0
0
0
0
0
0
0
0
0
0
0
0
5
0
0
0
2
2
0
0
2
1
0
0
3
2
3
0
0
1
0
0
1
1
0
1
1
1
1
5
1
2
1
3
2
0
0
5
3
2
2
0
2
4
1
0
2
5
5
3
3
4
3
3
3
5
6
10
5
4
8
6
8
5
10
5
8
4
4
8
1
8
1
3
7
3
4
0
1
5
2
2
3
5
1
2
0
1
0
2
1
0
1
0
0
1
0
0
0
0
0
0

