0
1
0
0
1
0
0
1
1
1
3
1
1
2
2
0
0
3
2
2
1
1
0
0
1
1
1
4
1
5
6
3
4
4
3
2
2
4
4
1
2
6
3
3
3
3
6
5
9
6
3
6
6
8
4
6
9
4
9
9
6
2
2
5
1
4
2
0
3
1
3
4
1
3
0
2
2
1
1
1
0
1
0
1
0
0
0
0
1
0
0
0
0
0
0
0
0
0
0
0
0
0
8
0
1
1
1
2
2
0
0
1
0
0
1
0
0
1
1
1
3
1
1
2
2
0
0
3
2
1
1
1
0
0
1
1
1
4
1
5
6
3
4
3
3
2
2
4
4
1
2
6
3
3
3
3
5
5
9
6
3
6
7
8
5
5
9
4
9
9
6
2
2
4
1
3
2
0
3
1
3
4
1
3
0
2
2
1
1
1
0
1
0
1
0
0
0
0
1
0
0
0
0
0
0
0
0
0
0
0
0
0
8
0
1
1
1
2
1
0
0
1
0
0
1
0
0
1
0
1
3
1
1
2
2
0
0
3
2
1
1
1
0
0
1
1
1
4
1
5
5
3
4
3
3
2
2
4
4
1
2
6
3
3
3
3
4
5
9
6
3
6
8
8
5
5
9
3
9
8
6
2
2
4
1
3
2
0
3
1
3
4
1
3
0
2
2
1
1
1
0
1
0
1
0
0
0
0
1
0
0
0

