4
0
0
1
2
2
2
1
1
1
0
1
2
0
1
0
1
3
4
5
0
0
1
1
2
4
1
2
2
3
5
4
5
2
4
3
2
4
1
6
7
3
4
3
5
2
2
6
6
6
7
3
7
4
5
10
9
5
9
5
5
5
4
7
0
8
1
1
2
3
4
3
3
0
2
0
2
0
0
1
3
1
0
0
1
0
0
0
0
0
0
0
0
0
0
0
0
0
0
0
0
0
5
1
3
0
0
0
1
1
4
0
0
1
2
2
2
1
1
1
0
1
2
0
1
0
1
3
4
5
0
0
1
1
2
4
1
2
2
2
5
3
4
2
4
3
2
4
1
6
7
3
4
3
5
2
2
7
6
6
7
3
7
4
5
10
8
5
8
5
3
5
4
7
0
7
1
1
2
3
3
3
3
0
2
0
2
0
0
1
3
1
0
0
1
0
0
0
0
0
0
0
0
0
0
0
0
0
0
0
0
0
7
1
3
0
0
0
1
1
5
1
0
1
2
2
2
1
1
1
0
1
2
0
1
0
1
3
4
5
0
0
1
1
2
4
1
2
2
2
4
3
3
2
4
3
2
4
1
6
6
3
4
3
5
2
2
7
6
6
6
3
6
4
5
10
8
5
8
4
3
5
4
7
0
7
1
1
2
3
3
3
3
0
2
0
2
0
0
1
3
1
0
0
1
0
0
0
0
0
0
0

