0
0
1
0
0
1
1
1
0
1
0
3
0
3
1
1
2
2
2
2
2
2
0
1
3
1
0
1
3
3
1
5
2
3
2
3
5
6
5
2
5
2
3
3
6
3
3
12
4
2
6
8
12
6
6
5
9
3
5
5
3
5
3
1
4
1
2
3
1
3
0
0
2
3
3
0
0
0
1
0
0
2
0
0
1
0
0
0
0
0
0
0
0
0
0
0
0
0
0
0
0
0
3
1
0
1
0
1
0
0
0
0
1
0
0
1
1
1
0
1
0
3
0
3
1
1
1
2
2
2
1
2
0
1
2
1
0
1
2
3
1
5
2
3
2
3
5
6
5
2
5
2
3
3
6
3
3
12
4
2
6
8
12
6
5
5
9
3
4
5
3
5
3
1
4
1
2
3
1
2
0
0
2
3
4
0
0
0
0
0
0
2
0
0
1
0
0
0
0
0
0
0
0
0
0
0
0
0
0
0
0
0
3
1
0
1
0
1
0
0
0
0
0
0
0
1
1
1
0
1
0
4
0
3
1
1
1
1
2
3
1
2
0
1
2
1
0
1
2
3
1
5
2
3
2
3
5
5
5
2
5
2
3
3
5
3
3
11
4
2
5
7
11
6
5
5
9
2
4
5
3
5
3
1
4
1
2
3
1
2
0
0
2
3
4
0
0
0
0
0
0
2
0
0
1
0
0
0
0
0
0
0

