1
1
0
0
0
1
0
1
0
3
1
0
2
1
1
1
2
5
2
2
3
1
2
1
1
3
3
4
1
4
4
2
0
4
4
0
0
5
6
7
5
2
1
2
3
1
3
6
3
1
10
1
8
5
5
5
7
6
7
4
2
5
4
7
5
3
3
3
1
4
4
0
1
1
3
0
2
0
0
0
2
0
0
0
0
1
0
0
0
0
0
0
0
0
0
0
0
0
0
0
0
0
2
0
3
0
0
2
1
4
1
1
0
0
0
2
0
1
0
3
1
0
2
1
1
1
2
5
2
2
3
1
2
1
1
3
3
4
1
4
4
2
0
3
4
0
1
5
7
7
5
2
1
2
3
1
3
5
3
0
9
1
8
5
5
5
7
6
7
4
2
5
4
7
4
3
3
3
1
3
4
0
1
1
3
0
2
0
0
0
2
0
0
0
0
1
0
0
0
0
0
0
0
0
0
0
0
0
0
0
0
0
3
0
3
0
0
2
1
4
1
1
0
0
0
2
0
1
0
2
1
0
1
1
1
1
2
5
1
2
3
1
2
1
1
3
3
4
1
4
4
2
0
3
4
0
1
5
7
7
5
2
1
2
3
1
2
5
3
0
9
1
9
5
5
5
7
6
7
5
2
5
3
7
3
3
3
3
1
3
4
0
1
1
3
0
2
0
0
0
1
0
0
0
0
1
0
0
0
0
0
0

