2
0
0
1
1
0
0
3
1
0
2
0
1
1
0
0
2
1
2
2
1
2
5
0
2
1
1
3
1
5
0
5
3
5
2
1
5
6
6
7
3
6
1
6
6
7
6
5
7
5
3
6
4
6
6
2
10
6
5
6
5
1
9
5
8
2
3
1
4
2
6
3
0
3
0
0
0
0
0
0
1
1
0
0
0
1
1
0
0
0
0
0
0
0
0
0
0
0
0
0
0
0
5
1
0
1
0
0
2
0
2
0
0
1
1
0
1
3
0
0
2
0
1
1
0
0
3
1
2
2
1
2
5
0
2
1
1
3
1
4
0
5
3
5
1
1
5
5
6
7
3
6
1
6
7
7
6
5
7
4
3
6
4
6
6
2
10
6
5
5
5
1
9
5
8
2
3
1
4
2
6
3
0
3
0
0
0
0
0
0
1
1
0
0
0
1
1
0
0
0
0
0
0
0
0
0
0
0
0
0
0
0
5
1
0
1
0
0
2
0
2
0
0
1
1
0
1
3
0
0
2
0
1
1
0
0
3
1
2
2
1
2
5
0
2
1
1
3
1
4
0
5
3
5
1
1
5
5
6
7
3
6
1
6
7
7
6
5
7
4
3
6
4
6
6
2
10
6
5
5
5
1
9
4
8
2
2
1
4
2
6
3
0
3
0
0
0
0
0
0
1
1
0
0
0
1
1
0
0
0
0
0

