2
0
0
1
0
1
0
1
0
1
0
1
1
1
2
1
1
0
1
3
1
1
3
2
3
1
3
4
6
3
2
5
5
2
5
2
6
7
2
10
2
7
5
2
5
7
6
3
8
12
9
8
6
2
4
7
8
3
6
4
4
4
4
4
2
4
5
3
1
3
3
5
2
1
1
5
1
0
1
0
2
1
0
0
0
2
0
0
0
0
0
0
0
0
0
0
0
0
0
0
0
0
6
1
0
1
0
1
1
1
2
1
0
1
0
1
0
2
0
1
1
1
1
1
2
1
1
0
1
3
1
1
2
2
3
1
3
4
6
3
2
5
5
2
5
2
6
8
2
10
2
8
5
1
5
7
6
3
8
12
9
8
6
2
4
8
8
3
6
4
4
3
3
4
2
4
5
3
1
3
3
5
2
1
1
5
1
0
2
0
2
1
0
0
0
2
0
0
0
0
0
0
0
0
0
0
0
0
0
0
0
0
6
2
0
1
0
2
1
1
2
1
0
1
0
1
1
2
0
1
1
1
1
1
2
1
1
0
1
3
1
1
2
2
2
1
3
4
6
1
2
5
5
2
5
2
6
7
2
9
0
8
5
1
5
7
5
3
8
10
8
8
6
2
3
8
8
3
6
4
3
3
3
4
2
5
4
3
1
3
3
5
2
1
0
5
0
0
1
0
3
1
0
0
0
2
0
0
0
0
0
0

