2
3
0
0
0
0
0
2
1
1
1
1
0
0
1
1
0
7
1
2
1
2
1
2
2
1
1
3
1
5
7
7
2
3
2
6
7
9
4
8
4
1
5
2
3
4
6
11
6
3
7
7
6
3
4
7
5
3
4
3
4
3
4
3
4
3
2
2
3
0
3
3
3
1
1
1
1
1
1
1
0
0
0
1
0
0
0
0
0
0
0
0
0
0
0
0
0
0
0
0
0
0
2
1
1
1
1
1
2
1
2
3
0
0
0
0
0
2
1
1
1
1
0
0
1
1
0
6
1
2
1
2
1
2
2
1
1
2
1
4
7
6
2
3
2
6
7
9
4
8
4
1
4
2
2
4
6
10
6
4
6
7
6
3
4
7
5
3
4
4
3
2
4
3
3
3
2
2
3
0
3
3
3
1
1
1
1
1
3
1
1
0
0
1
0
0
0
0
0
0
0
0
0
0
0
0
0
0
0
0
0
0
2
1
1
1
1
1
2
1
2
3
0
0
0
0
0
2
2
1
1
1
0
0
1
1
0
6
1
2
1
2
1
2
2
1
1
2
1
3
7
6
2
3
2
5
7
9
4
8
4
1
4
1
2
4
6
10
6
4
6
7
6
3
4
7
5
3
4
4
3
2
4
3
3
2
2
2
3
0
3
3
3
1
1
1
2
1
3
1
1
0
0
1
0
0
0
0
0
0
0
0

