1
0
1
1
2
0
3
1
1
3
2
2
0
0
1
0
0
3
1
1
1
1
2
1
0
1
3
2
2
3
2
2
2
2
6
5
4
5
3
2
8
3
6
7
3
4
5
6
5
7
11
10
10
6
12
3
6
5
6
6
4
3
3
4
1
5
2
2
6
3
2
1
1
0
0
0
0
0
0
0
1
1
0
0
0
0
0
0
0
0
0
0
0
0
0
0
0
0
0
0
0
0
4
1
2
1
0
1
2
0
1
0
1
1
2
0
2
1
1
3
3
2
0
0
1
1
0
3
1
1
1
1
2
1
0
1
3
2
2
3
2
2
2
2
6
5
4
5
3
2
8
3
6
7
3
3
5
6
5
6
11
9
9
6
12
3
6
5
5
6
4
3
3
4
1
5
2
2
7
3
2
1
1
0
0
0
0
0
0
0
1
1
0
0
0
0
0
0
0
0
0
0
0
0
0
0
0
0
0
0
0
0
5
1
2
1
0
1
2
0
1
0
1
1
2
0
2
1
1
3
2
2
0
0
1
1
0
3
1
1
1
1
2
0
0
1
3
2
2
2
2
2
2
2
6
5
4
5
3
2
8
3
6
7
3
3
5
5
4
6
11
9
8
6
12
3
6
4
5
6
4
3
3
4
1
5
2
2
5
3
2
1
1
0
0
1
0
0
0
0
1
1
0
0
0
0
0
0
0
0
0
0

