0
0
2
0
2
1
0
2
2
0
1
1
0
2
1
1
1
2
4
1
4
3
1
0
0
2
2
7
4
2
4
3
3
3
1
1
2
8
2
9
6
9
5
6
5
4
10
3
10
5
8
5
3
4
6
3
9
2
3
4
3
5
5
2
2
2
5
2
6
1
2
3
0
3
0
2
2
0
0
0
1
0
0
0
0
0
0
0
0
0
0
0
0
0
0
0
0
0
0
0
0
0
2
3
1
0
0
0
1
1
0
0
3
0
2
1
1
2
2
0
1
1
0
2
1
0
1
2
3
1
4
3
1
0
0
2
2
7
4
2
4
4
3
3
1
1
2
7
2
7
6
8
5
6
5
4
10
3
10
4
8
5
3
4
7
2
9
2
2
4
2
6
4
1
2
3
4
2
4
1
2
3
0
3
0
2
2
0
0
0
1
0
0
0
0
0
0
0
0
0
0
0
0
0
0
0
0
0
0
0
0
0
2
2
1
0
0
0
0
1
0
1
3
0
2
1
1
3
2
0
1
1
0
2
1
0
1
1
3
1
4
3
1
0
0
2
2
7
4
2
4
3
3
3
1
1
2
7
2
7
5
7
5
6
5
4
9
3
9
4
8
4
3
4
6
2
9
2
1
4
2
6
4
1
2
3
4
2
4
1
2
3
0
3
0
2
2
0
0
0
1
0
0
0
0
0
0
0
0
0
0
0

