1
0
2
0
1
1
0
0
2
2
2
1
0
0
0
2
1
1
0
0
1
0
1
1
3
1
1
3
2
3
4
1
6
0
4
4
4
2
5
7
2
6
6
7
9
4
4
3
2
10
4
3
1
4
5
12
4
7
3
3
6
5
2
5
6
3
4
2
2
2
1
1
1
2
2
2
1
0
1
2
1
1
1
1
0
0
1
0
0
0
0
0
0
0
0
0
0
0
0
0
0
0
5
0
0
1
1
1
0
1
1
0
2
0
1
1
0
0
2
2
2
1
0
0
0
2
1
1
0
0
1
0
1
1
3
1
1
3
1
2
3
1
6
0
4
4
4
2
5
7
2
6
5
5
9
4
4
3
2
10
4
3
1
4
5
11
4
7
2
3
6
5
2
3
6
2
4
2
2
2
1
1
1
2
2
2
0
0
1
2
1
1
1
1
0
0
1
0
0
0
0
0
0
0
0
0
0
0
0
0
0
0
5
0
0
1
2
1
0
1
1
0
2
0
1
1
0
0
2
2
2
1
0
0
0
2
1
1
0
0
1
0
1
1
3
1
2
3
1
2
1
1
6
0
4
3
3
2
5
7
2
6
5
5
8
4
4
3
2
10
4
3
1
4
5
9
4
6
2
3
7
5
2
3
6
2
4
2
1
2
0
1
1
2
2
2
0
0
1
2
0
1
1
1
0
0
1
0
0
0
0
0

