2
0
0
2
1
1
1
1
0
1
0
1
1
1
1
2
0
1
2
1
1
1
0
4
2
4
0
3
1
2
5
0
1
2
2
7
7
1
10
7
5
5
9
4
3
3
5
2
4
6
9
6
8
7
9
10
4
7
7
3
11
9
4
2
1
3
8
2
1
0
4
3
0
3
0
4
1
1
1
0
0
1
0
0
0
0
1
0
1
1
0
0
0
0
0
0
0
0
0
0
0
0
4
0
0
0
1
1
2
2
2
0
0
2
1
1
1
0
0
0
0
1
1
1
1
2
0
1
2
1
1
1
0
4
2
4
0
3
1
3
5
0
1
2
2
7
7
1
10
7
5
4
9
4
3
3
5
2
3
6
8
6
8
7
9
10
4
7
8
3
10
9
4
2
1
3
8
2
1
1
4
3
0
2
0
4
1
1
1
0
0
1
0
0
0
0
1
0
1
1
0
0
0
0
0
0
0
0
0
0
0
0
5
0
0
0
1
1
2
2
2
0
0
2
1
1
1
0
0
0
0
1
1
1
1
2
0
1
2
1
1
1
0
4
2
4
0
3
1
3
4
0
1
2
2
7
5
1
10
8
5
4
9
4
3
3
5
2
3
5
8
6
8
7
9
10
3
8
8
3
10
9
4
2
1
3
8
2
1
1
4
3
0
2
0
4
1
1
1
0
0
1
0
0
0
0
1
0
1
1
0
0

