4
0
1
1
2
2
0
2
0
1
1
4
1
1
1
0
0
2
1
1
1
3
1
1
1
1
1
2
6
3
3
4
2
3
2
7
3
7
8
5
5
8
2
1
6
2
4
8
8
6
3
7
8
7
5
3
7
5
0
6
5
3
5
1
3
8
2
2
1
2
7
2
2
2
2
5
1
0
0
2
1
1
0
0
0
0
0
0
0
0
0
0
0
0
0
0
0
0
0
0
0
0
7
2
0
1
1
0
0
0
4
0
1
1
2
2
0
2
0
1
1
4
1
1
0
0
0
2
1
1
1
3
1
1
1
1
1
2
5
2
3
4
2
3
2
7
3
6
8
5
5
7
2
1
6
2
4
8
8
6
3
7
8
7
5
3
7
5
0
6
5
3
5
1
3
6
2
1
1
2
7
2
2
1
2
5
1
0
0
2
1
1
0
0
0
0
0
0
0
0
0
0
0
0
0
0
0
0
0
0
0
0
8
2
0
1
1
0
0
0
4
0
1
1
3
3
0
2
0
1
1
4
1
1
0
0
0
2
1
2
1
3
2
1
1
1
1
2
5
2
3
4
1
3
2
7
3
5
8
5
5
7
2
1
6
2
4
8
8
5
3
7
8
7
5
3
8
5
0
5
5
3
5
1
3
5
2
1
1
2
7
2
2
1
2
5
1
0
0
2
0
1
0
0
0
0
0
0
0
0
0
0

