1
0
1
0
0
1
0
1
1
0
1
0
1
0
0
0
1
3
1
0
3
4
1
3
3
4
1
1
3
2
2
2
2
4
5
7
5
6
6
4
4
7
6
7
4
3
3
4
7
10
11
4
6
8
4
5
9
6
3
3
5
4
4
3
3
4
6
2
1
2
3
4
2
2
1
1
3
0
0
2
1
1
0
1
1
0
0
1
0
0
0
0
0
0
0
0
0
0
0
0
0
0
4
0
0
0
1
1
0
3
1
0
1
0
0
1
0
1
1
0
1
0
1
0
0
0
1
3
1
0
3
4
1
3
3
4
1
1
2
2
2
2
2
3
5
7
5
6
6
3
3
7
6
6
4
3
3
4
7
11
10
4
6
8
4
5
9
6
4
3
5
4
4
3
3
4
6
2
1
2
3
4
2
2
1
1
3
0
0
2
1
1
0
1
1
0
0
1
0
0
0
0
0
0
0
0
0
0
0
0
0
0
4
0
0
0
1
1
0
4
1
0
1
0
0
1
0
1
1
0
1
0
1
0
0
0
2
3
1
0
3
4
1
3
3
4
1
1
2
2
2
1
2
3
5
7
5
6
5
3
3
7
6
6
4
3
2
4
7
10
10
4
6
7
4
5
9
6
4
3
5
4
4
3
2
4
6
2
1
2
3
4
2
1
0
1
3
0
0
2
1
1
0
1
1
0
0
1
0
0
0
0

