3
1
0
2
0
0
2
1
1
1
0
2
3
2
1
1
1
2
1
1
1
2
0
3
1
4
0
5
3
4
1
4
5
1
6
4
3
3
6
5
5
7
1
4
6
1
2
4
14
7
7
5
5
10
7
6
6
5
5
6
3
5
3
4
9
4
3
1
1
2
2
1
2
0
3
2
0
2
0
0
0
2
1
0
0
0
1
0
0
0
0
0
0
0
0
0
0
0
0
0
0
0
4
3
0
1
0
1
1
1
3
1
0
2
0
0
2
1
1
1
0
2
2
2
1
1
1
2
1
1
0
1
0
3
1
3
0
5
3
4
1
4
5
2
6
3
3
3
6
5
4
6
1
4
6
1
2
4
13
6
8
5
5
10
7
6
6
6
5
6
3
5
3
3
9
4
3
1
1
2
2
1
2
0
3
2
0
2
0
0
0
2
1
0
0
0
0
0
0
0
0
0
0
0
0
0
0
0
0
0
0
0
4
3
0
0
0
1
1
1
3
1
0
2
0
0
2
1
1
1
0
2
2
2
1
1
1
1
1
1
0
1
0
3
1
3
0
5
3
4
2
4
4
2
6
2
3
3
5
5
3
6
1
4
6
1
2
4
13
6
8
5
5
10
7
6
6
6
4
6
3
4
3
3
9
4
3
1
0
2
3
1
2
0
2
1
0
2
0
0
0
2
1
0
0
0
0
0
0
0
0
0

