0
1
0
0
2
0
0
0
1
2
0
2
4
1
1
1
0
0
1
8
2
6
1
3
0
0
3
3
3
3
4
3
5
2
4
4
1
6
4
7
9
3
5
1
4
7
5
4
7
6
7
8
5
7
5
4
6
5
1
3
10
1
4
1
8
5
2
1
3
3
1
2
3
2
0
0
2
0
0
0
1
1
0
0
0
0
0
0
0
0
0
0
0
0
0
0
0
0
0
0
0
0
4
0
0
2
0
2
0
2
0
1
1
1
2
0
0
0
1
2
0
2
4
1
1
1
0
0
1
8
2
6
0
3
0
1
3
3
3
3
4
3
5
2
4
4
1
6
4
7
9
2
5
1
4
7
5
3
6
6
7
8
5
7
5
4
6
6
1
2
10
1
4
1
8
5
2
1
3
3
1
2
3
2
0
0
2
0
0
0
1
1
0
0
0
0
0
0
0
0
0
0
0
0
0
0
0
0
0
0
0
0
3
0
0
2
0
1
0
2
0
1
1
1
3
0
0
0
1
2
0
2
4
1
1
1
0
0
1
8
2
5
0
3
0
1
3
3
3
3
4
3
5
2
4
4
1
5
4
7
8
2
5
1
3
6
5
3
6
6
7
8
5
7
5
4
6
6
1
2
10
1
3
1
9
5
2
1
3
3
1
1
3
2
0
0
2
0
0
0
0
1
0
0
0
0
0
0
0
0
0
0

