4
1
0
0
1
0
0
1
1
0
3
0
3
1
1
0
0
1
2
2
2
1
2
0
2
1
0
2
2
6
3
2
2
0
5
0
1
10
6
2
3
3
6
6
5
6
3
7
5
9
4
6
1
6
7
5
3
3
9
2
3
2
3
5
4
2
2
4
6
1
2
1
1
1
3
1
2
2
0
1
2
0
0
0
0
0
0
0
0
0
0
0
0
0
0
0
0
0
0
0
0
0
3
1
0
0
1
1
4
3
3
2
0
0
1
0
1
1
1
0
3
0
3
0
1
0
0
1
1
2
3
1
2
0
2
1
0
2
2
5
3
2
2
0
5
0
1
9
6
2
3
3
6
6
4
6
4
7
5
9
4
5
1
5
7
5
2
3
9
3
3
2
3
5
4
2
2
4
5
1
2
1
1
1
3
1
2
2
0
1
2
0
0
0
0
0
0
0
0
0
0
0
0
0
0
0
0
0
0
0
0
0
3
1
0
0
1
1
4
3
3
2
0
0
1
0
1
1
1
0
3
0
3
0
1
0
0
1
1
2
3
1
2
0
2
1
0
2
2
5
3
2
2
0
5
0
0
9
6
1
3
3
6
5
4
5
4
7
5
8
4
4
1
5
7
5
3
3
9
3
2
2
3
5
4
2
2
4
5
1
2
1
1
1
3
1
1
2
0
1
1
0
0
0
0
0
0
0
0
0
0
0

