1
2
1
1
2
0
0
1
1
1
1
0
1
1
4
1
0
0
1
2
0
1
1
0
1
3
2
1
2
4
1
2
5
5
2
1
2
5
5
3
4
1
5
8
2
4
4
7
8
4
7
5
9
3
4
7
5
7
9
2
6
3
3
2
2
5
1
3
5
1
1
1
0
0
2
1
1
1
0
0
3
0
0
0
0
1
0
0
0
0
0
0
0
0
0
0
0
0
0
0
0
0
5
0
1
0
1
0
3
2
1
2
1
1
2
0
0
1
1
1
1
0
0
1
3
1
0
0
1
2
0
1
1
0
1
3
1
1
1
4
1
2
5
4
2
0
2
5
5
3
4
1
3
8
2
4
4
7
8
3
6
5
9
3
4
7
5
7
9
2
6
3
3
2
2
5
1
3
5
1
1
1
0
0
2
1
1
1
0
0
3
0
0
0
0
0
0
0
0
0
0
0
0
0
0
0
0
0
0
0
0
0
6
0
1
0
1
0
3
2
1
2
1
1
2
0
0
1
1
1
2
0
1
1
3
1
0
0
1
2
0
1
0
0
1
3
1
1
1
4
1
2
5
4
1
0
2
5
5
3
4
1
3
8
2
4
4
7
8
2
6
5
9
4
4
7
5
7
9
2
6
2
3
2
2
5
1
3
4
1
1
1
0
0
2
1
1
1
0
0
2
0
0
0
0
0
0
0
0
0
0
0

