1
1
0
1
0
0
4
2
0
1
1
0
2
0
3
0
1
0
3
1
2
4
1
2
0
2
2
0
4
2
5
1
0
3
4
1
3
2
6
4
2
7
5
6
4
4
4
7
7
8
5
6
7
9
4
3
6
4
3
7
11
2
6
3
4
3
2
3
2
2
3
2
3
2
0
0
1
0
0
0
0
0
0
1
0
1
0
0
0
0
0
0
0
0
0
0
0
0
0
0
0
0
6
1
1
0
2
1
2
1
1
1
0
1
0
0
4
2
0
1
1
0
3
0
3
0
1
0
3
1
2
4
1
3
0
2
2
0
3
1
5
1
0
3
4
1
2
2
6
4
2
7
5
6
4
4
4
7
7
8
5
5
8
10
4
3
6
4
3
7
11
2
6
3
4
4
2
3
1
2
3
2
3
2
0
0
1
0
0
0
0
0
0
1
0
1
0
0
0
0
0
0
0
0
0
0
0
0
0
0
0
0
7
1
1
0
2
1
2
1
1
1
0
1
0
0
4
2
0
1
1
0
3
0
3
0
2
0
3
1
2
4
1
3
0
2
2
1
3
1
5
1
0
3
4
1
2
2
6
4
3
6
5
6
4
4
4
6
6
8
5
4
6
10
3
2
6
4
3
7
11
2
6
3
4
4
2
3
2
2
3
2
3
2
0
0
1
0
0
0
0
0
0
0
0
1
0
0
0
0
0
0

