3
0
1
1
0
1
1
0
1
1
1
1
2
0
0
1
4
4
3
2
1
2
1
4
1
3
4
4
3
1
4
1
4
1
2
2
4
6
4
8
3
8
9
4
1
6
4
8
6
1
5
5
10
4
4
6
8
5
7
8
4
1
1
5
2
3
5
1
1
3
3
2
0
1
1
1
1
0
0
0
0
0
0
0
0
0
0
0
0
0
0
0
0
0
0
0
0
0
0
0
0
0
6
1
2
0
1
1
3
2
3
0
2
1
0
1
1
0
1
2
1
1
2
0
0
1
4
4
3
2
1
2
1
4
1
3
3
4
3
1
3
1
4
1
2
2
4
6
4
8
3
8
7
4
1
6
4
8
6
1
5
5
10
4
3
6
9
5
7
8
4
1
1
5
2
3
5
1
1
3
3
2
0
1
1
1
1
0
0
0
0
0
0
0
0
0
0
0
0
0
0
0
0
0
0
0
0
0
0
0
0
0
5
1
2
0
1
1
3
2
3
0
2
1
0
1
1
0
1
2
1
1
2
1
0
1
4
4
3
2
1
2
1
4
1
3
2
4
3
1
2
1
4
1
2
2
4
5
4
8
3
8
7
4
1
6
4
7
6
1
5
5
8
4
3
7
9
5
7
8
4
1
1
4
1
2
5
1
1
3
3
2
0
1
1
1
1
0
0
0
0
0
0
0
0
0
0
0
0
0
0
0

