0
2
1
0
0
0
1
1
0
1
1
0
0
2
1
2
1
0
1
0
0
5
5
2
1
1
4
3
0
1
0
1
3
4
2
3
4
6
2
4
6
5
4
4
4
4
6
4
11
8
6
8
12
4
9
9
5
1
4
10
7
2
2
5
7
3
5
6
1
3
3
2
1
0
3
1
0
0
2
0
1
0
0
0
2
0
0
0
0
0
0
0
0
0
0
0
0
0
0
0
0
0
0
2
1
2
1
1
0
0
0
2
1
0
0
0
1
1
0
1
1
0
0
2
1
2
1
0
1
0
0
5
4
2
1
1
3
3
0
1
0
1
3
3
2
3
5
6
2
4
6
5
4
4
4
4
6
4
12
8
6
8
12
3
9
9
5
1
4
10
6
2
2
5
7
2
5
6
1
3
3
2
1
0
3
1
0
0
2
0
1
0
0
0
2
0
0
0
0
0
0
0
0
0
0
0
0
0
0
0
0
0
0
2
1
2
1
1
0
0
0
2
1
0
0
0
1
0
0
1
1
0
0
2
1
2
1
0
1
0
0
4
4
2
0
1
3
3
0
1
0
1
3
2
2
3
5
6
2
4
6
5
4
4
4
4
5
4
12
8
6
8
12
3
9
9
4
1
4
10
6
2
3
5
8
2
5
6
1
3
3
2
0
0
3
1
0
0
1
0
0
0
0
0
2
0
0
0
0
0
0
0

