0
3
0
0
2
1
0
1
1
2
1
0
0
1
1
0
1
1
2
0
0
1
1
0
4
1
3
1
2
2
2
3
1
1
1
5
4
5
2
6
5
3
6
4
2
4
6
3
8
10
12
7
7
3
7
11
9
8
6
4
3
4
4
4
2
2
5
2
1
4
3
2
1
2
5
2
0
0
1
0
0
0
0
0
0
0
2
0
0
0
0
0
0
0
0
0
0
0
0
0
0
0
4
0
3
1
0
0
0
1
0
3
0
0
2
1
0
1
1
2
1
0
0
1
2
0
1
1
2
0
0
1
2
0
4
1
3
1
2
2
2
3
1
1
1
6
4
6
2
6
5
3
6
4
2
4
5
3
8
10
12
6
7
3
7
11
9
7
6
4
3
4
4
4
2
2
5
2
1
3
3
2
1
2
5
2
0
0
1
0
0
0
0
0
0
0
1
0
0
0
0
0
0
0
0
0
0
0
0
0
0
0
6
0
3
1
0
0
0
1
0
2
0
0
2
1
1
1
0
2
1
0
0
1
2
0
1
1
1
0
0
1
2
0
4
1
3
1
2
2
2
3
1
1
1
6
4
5
2
6
6
4
6
4
2
4
4
3
7
10
11
6
7
3
7
11
9
6
6
4
3
4
4
4
2
2
5
2
1
3
3
2
1
2
5
2
0
0
1
1
0
0
0
0
0
0
1
0
0
0
0
0

