2
1
0
0
0
1
0
1
1
0
2
0
0
1
2
0
0
3
4
1
2
0
4
1
0
2
3
3
4
2
5
3
3
4
5
7
4
8
4
8
3
6
7
6
7
6
7
7
9
9
10
4
9
2
3
4
7
7
3
2
5
7
3
3
2
0
6
0
0
2
1
1
4
0
2
0
4
1
0
0
0
2
0
0
1
0
4
0
0
0
0
0
0
0
0
0
0
0
0
0
0
0
4
1
0
1
0
0
1
0
1
1
0
0
0
1
0
0
1
0
2
0
1
1
2
0
0
3
4
1
3
0
4
1
0
2
3
3
4
2
5
3
3
4
5
7
3
8
2
8
3
6
7
6
7
6
7
7
9
9
10
4
9
2
3
4
7
5
3
2
5
7
3
3
2
0
6
0
0
2
1
1
4
0
2
0
4
1
0
0
0
2
0
0
1
0
4
0
0
0
0
0
0
0
0
0
0
0
0
0
0
0
5
2
0
2
0
0
1
0
1
1
0
0
0
1
0
0
1
0
2
0
1
1
2
0
0
3
3
1
3
0
4
1
0
2
3
3
4
2
5
3
3
4
5
7
3
7
2
8
3
6
7
7
7
6
7
6
9
9
8
4
9
2
3
4
6
5
3
2
5
7
3
3
2
0
5
0
0
2
1
1
4
0
1
0
4
1
0
0
0
2
0
0
1
0
4
0
0
0
0
0

