1
2
0
1
2
1
2
1
0
1
1
1
1
1
0
0
0
1
1
2
0
1
2
1
1
2
0
3
3
1
0
3
4
5
7
2
0
5
1
5
7
2
5
9
6
3
3
6
4
4
3
5
3
2
6
8
9
5
6
8
5
5
3
5
7
5
1
0
4
1
2
1
2
3
2
2
0
1
0
0
0
0
1
1
1
0
1
0
1
0
0
0
0
0
0
0
0
0
0
0
0
0
2
0
0
0
1
2
2
1
1
2
0
1
2
1
2
1
0
1
1
1
1
1
0
1
0
1
0
2
0
1
2
1
1
2
0
3
3
1
0
3
3
5
7
1
0
5
1
5
6
2
5
9
6
3
3
6
4
3
3
5
3
2
6
8
8
4
6
7
5
5
3
4
5
5
1
0
4
1
2
1
1
3
2
2
0
1
0
0
0
0
1
1
1
0
1
0
1
0
0
0
0
0
0
0
0
0
0
0
0
0
2
0
0
0
1
2
2
1
2
2
0
1
2
1
2
1
0
1
2
1
1
1
0
1
0
1
0
2
0
1
2
1
1
2
0
3
3
1
0
3
3
5
7
1
0
5
1
5
6
3
5
9
5
3
3
5
4
3
3
5
3
2
6
7
8
5
6
6
5
4
3
4
5
5
1
0
4
2
2
1
1
1
2
2
0
1
0
0
0
0
1
1
1
0
1
0
1
0
0
0

