2
1
1
3
0
1
0
1
2
1
1
1
1
1
2
1
0
2
1
1
2
0
3
1
1
0
4
5
1
4
5
1
2
7
3
1
2
4
6
5
6
5
2
2
6
4
4
7
2
7
8
5
8
9
6
7
3
8
2
2
2
5
1
4
3
4
1
3
1
5
2
1
2
2
0
0
3
1
0
0
0
2
0
0
0
1
1
1
0
0
0
0
0
0
0
0
0
0
0
0
0
0
1
0
0
1
1
1
0
1
2
1
1
3
0
1
0
1
2
1
1
1
1
1
1
1
0
1
1
1
2
0
3
1
1
0
3
4
1
4
5
0
2
7
3
1
2
4
6
5
6
5
2
2
6
4
4
7
2
7
7
5
8
10
5
6
4
8
2
2
2
5
1
4
3
4
1
3
1
5
2
1
2
1
0
0
3
1
0
0
0
2
0
0
0
1
1
1
0
0
0
0
0
0
0
0
0
0
0
0
0
0
1
0
0
1
1
1
0
1
2
1
1
2
0
1
0
1
2
2
1
2
1
1
1
1
0
1
1
1
2
0
3
1
1
0
3
4
1
3
6
0
2
6
3
1
2
4
5
5
6
5
2
2
6
4
4
7
2
7
8
5
8
10
5
6
4
8
2
2
2
5
1
4
3
3
2
3
1
5
2
1
2
1
0
0
3
1
0
0
0
2
0
0
0
1
1
1
0
0
0
0

