0
1
1
1
2
1
1
0
0
0
1
0
1
2
1
0
0
1
0
2
1
4
3
0
0
3
2
5
2
5
2
5
3
1
2
5
1
5
5
8
4
4
4
4
10
3
2
5
4
9
6
6
6
6
8
4
7
4
7
2
6
7
6
5
3
4
5
0
4
1
1
3
0
2
0
1
0
0
1
2
0
0
0
1
1
0
0
0
0
0
0
0
0
0
0
0
0
0
0
0
0
0
4
0
0
0
0
1
0
0
0
1
1
1
2
1
1
0
0
0
1
0
1
2
1
0
0
1
0
2
1
4
3
0
0
3
2
4
2
5
2
5
1
1
1
5
1
5
5
8
4
4
3
4
10
2
2
5
4
8
5
6
5
5
8
4
7
4
6
2
6
7
6
4
3
4
5
0
5
1
1
3
0
2
0
1
0
0
1
2
0
0
0
1
1
0
0
0
0
0
0
0
0
0
0
0
0
0
0
0
0
0
4
0
0
0
0
1
0
0
0
1
0
1
2
1
1
0
0
0
1
1
1
2
1
0
0
1
0
2
1
4
3
0
0
3
2
4
2
5
2
4
1
1
1
5
1
5
4
7
4
4
3
4
10
2
2
4
4
8
5
6
5
5
8
3
6
3
5
2
6
7
6
4
3
4
5
0
5
1
1
3
0
2
0
1
0
0
1
2
0
0
0
1
1
0
0
0
0
0
0
0

