0
2
1
1
1
1
0
0
0
1
1
1
3
1
2
1
0
2
5
3
2
3
1
2
4
3
2
5
3
2
1
2
1
4
2
4
1
5
5
3
5
7
5
1
4
5
3
11
7
12
9
5
7
7
2
6
1
3
6
5
3
8
4
4
4
6
0
2
2
4
2
2
1
0
0
0
0
1
1
0
2
1
0
0
0
1
0
0
0
0
0
0
0
0
0
0
0
0
0
0
0
0
3
0
0
2
2
0
1
2
0
2
0
1
1
1
0
0
0
1
1
1
3
1
2
1
0
2
6
2
2
3
2
1
4
3
2
5
3
2
1
2
1
4
2
4
1
5
5
3
5
7
5
1
4
5
3
11
7
12
8
5
7
7
2
6
2
2
6
5
4
7
4
4
4
6
0
2
2
4
2
2
1
0
0
0
0
1
1
0
2
1
0
0
0
1
0
0
0
0
0
0
0
0
0
0
0
0
0
0
0
0
4
0
0
2
2
0
1
2
0
2
1
1
2
1
0
0
0
1
1
1
3
0
2
1
0
2
6
2
2
3
2
1
3
3
2
5
3
2
1
2
1
4
2
4
1
5
5
4
4
7
5
1
4
5
3
11
6
11
8
5
7
7
1
6
2
2
6
5
4
7
4
4
4
6
0
2
2
4
2
1
1
0
0
0
0
1
1
0
2
1
0
0
0
1
0
0
0
0
0
0

