5
1
1
0
1
3
0
0
1
0
1
2
0
2
0
1
0
2
0
3
0
3
0
5
3
1
1
4
3
4
4
2
2
3
7
5
2
4
2
6
5
5
5
5
7
6
2
5
6
5
10
5
6
3
5
6
8
7
6
1
6
5
3
2
3
3
4
4
3
1
3
3
1
0
2
2
1
0
1
1
2
0
0
0
0
1
2
0
0
0
0
0
0
0
0
0
0
0
0
0
0
0
1
0
0
0
1
1
1
1
6
1
1
0
1
4
0
0
2
0
1
2
0
2
0
1
0
2
0
3
0
3
1
4
3
1
1
4
3
4
4
2
2
3
7
5
2
4
2
6
5
4
5
5
7
6
2
5
6
5
10
5
6
3
5
4
8
7
6
1
6
5
3
2
3
3
4
4
3
1
3
3
1
0
2
2
1
0
1
1
2
0
0
0
0
1
2
0
0
0
0
0
0
0
0
0
0
0
0
0
0
0
2
0
0
0
1
1
1
1
6
1
1
0
1
4
1
0
2
0
1
2
0
2
0
1
0
2
0
3
0
3
1
4
3
1
1
3
3
4
4
2
2
3
7
5
2
4
2
6
5
4
5
5
7
6
2
5
5
6
11
5
6
3
5
3
8
6
5
1
6
6
3
2
3
3
4
4
3
0
3
3
1
0
2
2
1
0
1
1
1
0
0
0
0
1
2
0
0
0
0
0

