1
1
3
1
1
1
1
1
2
1
1
5
0
0
0
1
1
2
2
3
0
2
2
3
1
3
3
3
2
1
3
3
2
6
6
5
2
9
5
4
8
2
6
1
4
4
6
7
12
4
2
6
6
5
7
7
4
5
6
4
5
4
2
4
0
0
4
3
4
2
1
2
0
3
5
0
1
1
1
0
2
2
0
0
1
0
0
0
0
0
0
0
0
0
0
0
0
0
0
0
0
0
5
1
0
0
0
3
2
1
1
1
4
1
1
1
1
1
2
1
1
5
0
0
0
1
1
2
2
3
0
2
2
3
1
3
3
3
2
1
3
3
2
6
5
5
3
9
5
4
8
2
5
1
4
4
6
7
11
4
2
5
7
5
6
8
3
5
6
4
5
2
2
4
0
0
4
3
4
2
1
2
0
3
5
0
1
1
1
0
2
2
0
0
1
0
0
0
0
0
0
0
0
0
0
0
0
0
0
0
0
0
5
1
0
0
0
3
3
1
1
1
4
1
1
1
1
1
2
1
1
5
0
0
0
1
1
2
2
3
0
2
2
3
0
3
2
3
2
1
3
3
2
6
5
5
3
9
4
4
8
2
4
1
4
3
6
7
11
4
2
5
7
5
7
8
2
5
6
4
6
2
2
4
0
0
4
4
4
2
1
2
0
3
4
0
1
1
1
0
2
2
0
0
1
0
0
0
0
0
0
0

