1
0
2
1
0
2
2
1
0
1
1
1
0
0
1
0
0
3
1
0
0
0
0
1
5
1
2
4
7
3
2
0
3
1
5
0
6
7
4
3
4
5
5
4
4
6
0
8
5
11
12
3
12
2
8
2
11
2
1
4
7
4
4
10
1
4
2
4
1
2
2
2
3
2
1
1
1
1
1
0
0
0
1
0
1
1
0
0
0
0
0
0
0
0
0
0
0
0
0
0
0
0
5
2
1
1
1
1
2
1
0
0
3
1
0
2
2
1
0
1
1
1
0
0
1
0
0
3
1
0
0
0
0
1
5
1
2
4
7
3
2
0
3
1
5
0
6
7
4
3
3
5
5
4
4
5
0
8
5
10
12
3
12
2
8
2
11
2
1
4
7
4
4
11
1
4
2
4
1
2
2
2
3
2
1
1
1
1
1
0
0
0
1
0
0
1
0
0
0
0
0
0
0
0
0
0
0
0
0
0
0
0
4
2
1
1
1
2
2
0
0
0
3
1
0
2
2
1
0
1
1
1
0
0
1
0
0
3
1
0
0
0
0
1
5
1
2
4
7
3
2
0
3
0
5
0
6
7
4
3
3
5
4
4
4
5
0
8
4
9
12
3
12
2
8
2
10
3
1
4
7
4
3
11
1
4
2
4
1
2
2
2
3
2
1
1
1
1
1
0
0
0
1
0
0
1
0
0
0
0
0
0

