9
6
3
4
11
4
8
10
17
11
13
12
3
5
7
10
12
15
24
15
17
18
18
26
19
22
20
26
28
19
41
33
26
45
28
36
40
37
55
55
42
43
27
44
46
48
30
85
74
79
54
62
54
56
57
58
44
54
50
49
47
39
23
37
32
31
33
28
22
20
38
22
16
14
8
16
16
6
13
4
14
8
2
6
5
5
2
0
1
1
0
0
0
0
0
0
0
0
0
0
0
0
53
6
15
7
7
8
4
15
10
6
3
4
11
4
9
11
18
11
13
11
3
5
7
10
12
16
25
15
18
18
17
24
19
22
20
25
27
18
40
33
25
44
28
36
39
33
54
53
41
41
25
43
43
47
29
82
72
76
50
61
50
54
58
57
43
54
46
46
46
37
24
36
32
30
32
28
23
20
36
22
16
14
7
16
16
6
13
4
13
7
1
6
6
5
2
0
1
1
0
0
0
0
0
0
0
0
0
0
0
0
57
6
14
8
7
8
5
17
12
7
5
5
12
5
9
11
18
13
12
11
3
7
7
12
13
18
24
15
18
19
17
22
19
21
20
24
27
17
39
33
25
43
28
36
38
33
52
50
38
41
25
40
42
43
29
82
68
72
49
58
48
52
57
56
42
52
44
45
46
36
24
34
33
29
31
26
23
20
35
19
13
14
7
16
16
6
12
4
13
7
1
6
5
4
2
0
1
1
0
0

