1
0
1
1
0
0
3
1
1
0
0
0
1
0
2
0
3
3
3
0
0
1
1
2
3
4
1
1
4
3
1
0
2
2
4
2
1
6
5
2
6
3
3
8
7
6
5
5
10
7
7
3
11
5
7
7
6
10
7
6
3
8
2
2
4
5
2
2
2
1
3
6
2
2
0
1
2
0
0
2
3
1
0
0
0
0
1
0
1
1
0
0
0
0
0
0
0
0
0
0
0
0
3
2
0
1
2
2
0
1
0
0
1
1
0
0
3
1
1
0
0
0
1
0
2
0
4
3
3
0
0
1
1
2
3
4
1
1
4
3
1
0
2
2
4
2
1
6
5
2
6
3
3
8
7
6
5
6
9
7
7
3
10
5
7
7
3
10
7
6
3
8
2
2
4
5
1
2
2
1
3
6
3
2
0
1
2
0
0
1
3
1
0
0
0
0
1
0
1
1
0
0
0
0
0
0
0
0
0
0
0
0
4
1
0
1
2
2
1
1
0
0
1
1
0
0
3
1
1
0
0
0
1
0
2
0
4
3
3
0
1
1
1
2
3
4
1
1
4
3
1
0
2
2
4
2
1
5
5
2
6
3
3
7
7
6
5
6
9
7
6
3
10
5
7
7
3
10
7
6
3
8
2
2
4
5
1
2
2
1
3
6
3
2
0
1
2
0
0
1
2
1
0
0
0
0
1
0
1
1
0
0

