1
1
0
2
0
1
0
1
0
2
2
2
0
0
1
0
0
0
0
3
1
1
5
1
4
1
2
5
1
1
3
5
5
3
4
1
3
6
5
4
6
5
6
6
3
7
5
5
3
4
8
4
6
6
10
7
3
3
5
3
3
5
2
2
1
4
4
5
3
0
6
3
4
3
0
2
2
0
1
0
0
0
0
0
0
0
0
0
0
0
0
0
0
0
0
0
0
0
0
0
0
0
5
2
0
2
1
0
1
1
1
1
0
2
0
1
0
1
0
2
2
2
0
0
1
0
0
0
0
3
1
0
5
1
4
1
2
5
1
1
2
5
5
3
4
1
3
6
5
4
5
5
5
5
4
7
5
5
3
4
8
3
6
6
10
7
3
3
6
3
3
5
1
2
1
4
4
4
3
0
5
3
3
3
0
2
2
0
1
0
0
0
0
0
0
0
0
0
0
0
0
0
0
0
0
0
0
0
0
0
0
0
5
2
0
2
1
0
1
1
1
1
0
2
0
1
0
1
0
2
3
3
0
0
1
0
0
0
1
3
1
0
5
1
4
0
2
5
1
1
2
5
5
3
4
1
3
6
5
4
5
5
5
5
4
6
5
5
3
4
8
3
6
5
10
7
3
3
6
2
3
5
1
2
1
4
4
4
3
0
5
3
3
3
0
2
2
0
1
0
0
0
0
0
1
0
0
0
0
0
0
0

