0
0
2
0
3
2
0
1
2
0
2
3
0
1
0
0
0
1
3
2
1
3
0
2
2
0
4
4
2
6
10
2
2
6
2
3
2
3
3
4
4
3
7
5
1
4
7
8
5
4
12
3
10
8
5
5
7
2
3
4
4
2
0
4
4
3
3
3
0
3
1
0
2
1
1
1
0
1
0
1
0
0
0
1
0
1
1
0
0
0
0
0
0
0
0
0
0
0
0
0
0
0
4
0
1
0
4
2
2
1
0
0
2
0
3
2
0
1
2
0
2
3
0
2
0
0
0
1
3
2
1
3
0
2
2
0
4
4
2
6
10
2
1
6
2
3
1
3
4
3
4
2
7
5
1
3
7
8
5
4
13
3
10
8
5
4
6
2
3
4
4
2
1
4
4
3
3
3
0
3
1
0
2
1
1
1
0
1
0
1
0
0
0
1
0
1
1
0
0
0
0
0
0
0
0
0
0
0
0
0
0
0
5
0
1
0
4
2
2
1
0
0
2
0
3
2
0
1
2
1
2
3
0
1
1
0
0
1
3
2
1
3
0
2
2
0
4
4
2
6
10
2
1
6
2
3
1
3
4
3
4
2
6
5
1
3
6
8
5
4
13
3
10
8
5
4
5
2
3
3
4
1
1
4
4
3
3
3
0
3
0
0
2
1
1
1
0
1
0
1
0
0
0
0
0
1
1
0
0
0
0
0

