0
2
1
0
0
0
1
1
2
3
1
0
2
3
2
0
3
3
3
2
2
0
1
0
4
3
1
1
2
4
5
2
2
4
3
4
5
9
5
2
4
1
7
4
9
2
3
2
8
6
6
12
5
8
5
7
7
7
6
4
5
5
5
4
3
6
5
1
1
3
5
1
2
0
1
1
0
0
0
2
0
1
1
0
0
2
1
0
0
0
0
0
0
0
0
0
0
0
0
0
0
0
3
0
0
2
1
0
0
1
0
2
1
0
0
0
1
1
2
3
1
0
2
3
2
0
3
3
3
2
2
0
1
0
4
3
1
1
2
4
4
2
2
4
3
4
5
9
4
2
4
1
7
4
9
2
3
2
8
7
6
11
4
7
5
6
7
6
7
5
5
5
5
4
3
6
5
1
1
3
5
1
2
0
1
1
0
0
0
2
0
1
1
0
0
2
1
0
0
0
0
0
0
0
0
0
0
0
0
0
0
0
4
0
0
2
1
0
0
1
0
2
1
0
0
0
1
1
2
3
1
0
2
3
1
0
3
3
3
2
2
0
1
0
4
3
1
1
2
4
4
2
2
4
3
4
5
9
4
2
4
2
7
4
9
2
3
2
7
7
6
10
3
7
5
6
6
6
6
5
5
5
5
4
3
6
4
1
1
3
4
1
2
0
1
1
0
0
0
2
0
1
1
0
0
2
1
0
0
0
0
0

