3
1
1
1
1
1
0
1
2
2
2
2
2
2
1
1
1
2
7
0
2
0
3
0
3
1
2
5
3
2
2
4
3
2
1
4
5
8
6
2
4
2
5
8
5
3
4
8
4
6
7
7
4
12
2
8
4
6
8
4
9
5
4
2
2
2
6
4
1
3
2
3
2
2
1
1
2
0
2
0
1
0
1
0
0
0
0
0
0
0
0
0
0
0
0
0
0
0
0
0
0
0
5
3
2
1
0
0
1
1
3
1
0
1
1
1
0
1
2
2
2
2
2
2
1
1
1
2
7
0
2
0
3
0
3
1
2
5
3
2
2
4
3
3
1
4
5
8
6
2
3
2
5
8
5
3
4
8
4
6
7
7
3
11
1
8
4
6
6
3
10
5
4
2
2
2
6
4
1
3
2
3
2
2
1
1
2
0
2
0
1
0
1
0
0
0
0
0
0
0
0
0
0
0
0
0
0
0
0
0
0
0
5
3
2
1
0
0
1
1
2
1
0
1
1
1
0
1
2
2
2
2
2
2
1
1
1
2
7
0
2
0
3
0
4
1
2
5
3
2
2
5
3
3
1
3
5
8
6
2
3
2
5
8
5
3
3
8
4
6
7
7
3
10
1
8
4
4
6
3
9
5
4
2
2
2
6
4
1
3
2
3
2
2
1
1
2
0
2
0
1
0
1
0
0
0
0
0
0
0
0
0

