1
1
0
1
0
1
0
0
2
4
3
2
0
4
1
1
0
1
1
1
3
1
2
1
3
2
4
3
2
4
5
7
0
2
3
10
2
7
5
8
3
7
0
9
4
3
6
8
8
4
6
8
9
6
10
8
8
6
6
4
2
7
5
2
3
4
3
3
1
2
4
2
4
3
2
2
0
0
0
0
0
0
0
0
0
0
3
0
0
0
0
0
0
0
0
0
0
0
0
0
0
0
4
0
0
1
2
2
2
2
1
1
0
1
0
1
0
0
2
4
3
1
0
4
1
1
0
1
1
1
3
1
2
1
3
2
4
3
2
2
5
7
0
2
2
10
2
7
5
8
3
7
0
9
4
3
6
8
8
4
5
8
9
6
10
8
8
5
6
4
2
7
4
2
3
5
3
3
1
2
4
2
2
3
2
2
0
0
0
0
0
0
0
0
0
0
3
0
0
0
0
0
0
0
0
0
0
0
0
0
0
0
4
0
0
1
2
2
2
1
1
1
0
1
0
1
0
0
2
4
4
0
0
4
1
1
0
1
1
1
3
1
2
1
3
1
3
3
2
2
5
7
0
2
2
10
2
7
5
8
3
6
0
9
4
3
6
7
8
4
5
7
9
4
10
7
7
5
6
4
2
7
4
2
3
5
3
3
1
2
4
2
2
3
2
2
0
0
0
0
0
0
0
0
0
0
3
0
0
0
0
0

