4
0
1
0
1
1
0
1
3
0
0
1
0
0
0
2
3
1
1
1
1
3
3
2
2
2
2
1
5
7
2
1
4
0
3
7
3
1
3
3
11
2
3
7
6
3
4
5
5
7
6
10
8
5
5
4
5
5
5
10
4
5
0
2
2
1
6
1
3
2
4
3
0
1
1
2
3
1
0
0
2
0
0
1
0
1
0
0
0
0
0
0
0
0
0
0
0
0
0
0
0
0
3
2
1
0
2
2
1
1
4
0
1
0
1
1
0
1
3
0
0
1
0
0
0
2
3
1
1
1
1
3
3
2
2
2
2
1
5
7
1
1
4
0
2
7
3
1
3
3
11
2
3
7
6
3
4
5
4
7
6
10
8
5
5
4
5
5
4
10
4
5
0
2
2
2
6
1
3
2
4
3
0
1
1
2
3
1
0
0
2
0
0
1
0
1
0
0
0
0
0
0
0
0
0
0
0
0
0
0
0
0
3
2
1
0
2
2
1
1
4
0
1
0
2
1
0
1
3
0
0
2
0
0
0
2
3
1
1
1
1
3
3
2
2
2
2
1
5
7
1
1
4
0
2
7
3
1
3
3
9
2
3
7
6
3
4
5
4
7
7
9
6
5
5
4
5
5
4
10
3
5
0
2
2
2
6
1
3
2
4
3
0
1
1
2
3
1
0
0
2
0
0
1
0
1
0
0
0
0
0
0

