1
2
1
0
2
0
1
0
0
2
0
2
1
0
2
1
1
2
4
3
0
1
4
2
3
2
2
6
4
4
5
5
2
1
3
5
3
7
4
4
1
8
2
4
4
5
3
5
4
10
6
6
3
7
3
6
4
4
2
3
7
4
3
4
4
4
4
1
4
3
2
5
4
4
0
3
0
1
0
1
2
1
0
0
0
0
0
1
0
0
0
0
0
0
0
0
0
0
0
0
0
0
7
3
0
2
1
1
0
0
1
1
0
0
2
0
1
0
0
2
0
3
1
0
2
1
1
2
3
3
1
1
4
2
3
2
2
6
4
4
5
5
2
1
3
5
3
7
4
4
1
8
2
3
4
5
2
5
3
10
6
6
3
7
3
6
4
4
2
3
6
4
3
4
4
4
3
1
4
3
2
5
4
3
0
3
0
0
0
1
2
1
0
0
0
0
0
1
0
0
0
0
0
0
0
0
0
0
0
0
0
0
7
3
0
2
1
1
0
0
1
1
0
0
2
0
1
0
0
2
0
2
1
0
2
1
1
2
3
3
1
1
4
2
3
2
2
6
4
3
5
5
2
1
3
5
2
7
5
4
0
8
2
3
4
5
1
4
3
10
6
6
3
7
2
6
4
4
2
3
6
4
3
4
4
4
3
1
4
3
2
4
4
3
0
3
0
0
0
1
2
1
0
0
0
0
0
1
0
0
0
0

