2
1
1
0
0
0
0
0
0
0
0
1
2
2
0
1
3
1
0
3
3
5
2
3
2
3
2
2
5
2
4
4
2
4
0
5
0
3
3
3
7
5
5
6
7
7
6
12
8
8
7
5
6
11
6
3
5
3
3
2
6
6
5
4
6
2
6
1
0
3
2
5
3
1
0
0
0
0
2
1
1
0
0
0
0
0
0
0
0
0
0
0
0
0
0
0
0
0
0
0
0
0
1
2
0
1
0
2
0
1
2
1
1
0
0
0
0
0
0
0
0
1
2
2
0
1
3
1
0
3
4
5
2
3
2
3
2
2
5
2
3
4
2
3
0
5
0
3
3
3
7
5
5
6
7
6
5
11
7
8
7
5
7
11
6
3
4
2
4
2
6
5
5
4
6
2
6
1
0
4
2
5
2
1
0
0
0
0
2
1
1
0
0
0
0
0
0
0
0
0
0
0
0
0
0
0
0
0
0
0
0
0
1
2
0
1
0
2
0
1
2
1
1
0
0
0
0
0
0
0
0
1
2
2
0
1
3
1
0
3
3
5
2
3
2
3
2
2
5
2
3
4
2
2
0
5
0
3
3
3
7
4
5
6
7
6
5
10
6
8
7
4
7
11
5
3
4
2
4
2
6
5
4
4
6
1
6
1
0
3
2
5
2
1
0
0
0
0
2
1
1
0
0
0
0
0
0
0
0
0
0
0

