1
1
1
0
1
0
2
0
1
3
1
0
0
0
0
0
1
3
3
1
2
2
2
3
2
1
2
1
2
4
4
3
1
3
1
2
2
3
1
7
7
8
3
3
2
3
6
16
13
4
2
9
8
4
5
2
10
6
4
3
0
1
1
2
4
4
7
2
2
2
5
2
0
1
1
1
1
0
1
0
1
1
0
0
0
0
0
1
0
0
0
0
0
0
0
0
0
0
0
0
0
0
2
3
2
1
2
1
0
1
1
1
1
0
1
0
2
0
1
3
1
0
0
0
0
0
1
3
3
1
2
2
2
3
2
1
2
1
1
4
4
3
1
3
1
2
2
3
1
7
7
8
3
3
2
4
6
16
13
4
2
9
8
4
5
2
10
5
5
4
0
1
1
2
4
4
6
2
1
1
4
2
0
1
1
1
1
0
1
0
1
1
0
0
0
0
0
1
0
0
0
0
0
0
0
0
0
0
0
0
0
0
3
3
2
1
2
1
1
1
1
2
1
0
1
0
2
0
1
3
1
0
0
0
0
0
1
3
3
1
2
2
2
3
2
1
2
1
1
4
4
3
1
3
1
1
2
3
1
6
6
7
3
3
2
4
6
16
13
5
2
8
7
4
5
2
10
5
4
4
0
1
1
2
4
4
6
2
2
1
4
2
0
1
1
1
1
0
1
0
1
1
0
0
0
0
0
1
0
0
0
0

