1
0
1
0
0
0
0
2
0
2
2
0
1
0
1
2
1
0
2
0
0
0
1
2
2
3
1
1
1
1
0
4
3
1
2
3
2
5
2
4
3
1
3
3
3
3
5
4
2
11
9
10
9
11
8
3
11
4
8
2
3
2
5
7
2
5
5
0
2
2
3
4
1
1
2
4
0
2
1
0
0
2
2
0
1
0
0
0
1
0
0
0
0
0
0
0
0
0
0
0
0
0
6
0
0
2
2
1
1
2
1
0
1
0
0
0
0
2
0
2
2
0
1
0
1
2
1
0
2
0
1
0
1
2
2
3
1
1
1
1
0
4
3
1
2
3
2
5
2
4
3
1
3
3
3
3
4
4
2
11
8
9
9
10
7
3
11
4
7
2
3
2
4
7
2
5
5
0
2
1
3
4
1
1
2
4
0
2
1
0
0
2
2
0
1
0
0
0
1
0
0
0
0
0
0
0
0
0
0
0
0
0
6
0
0
2
2
1
1
2
1
0
1
1
0
0
0
3
0
2
2
0
1
0
1
2
1
0
2
0
2
0
1
2
2
3
1
1
1
1
0
4
3
1
2
4
2
5
2
4
3
1
3
3
3
2
5
4
2
10
8
9
8
9
7
3
11
4
7
2
3
2
4
7
2
5
4
0
2
1
4
4
1
1
1
3
0
2
1
0
0
2
2
0
1
0
0
0
1
0
0
0

