1
1
1
1
2
1
1
2
0
1
0
2
1
3
1
1
1
0
1
1
0
1
1
1
1
4
3
5
5
4
4
2
2
1
3
3
6
7
3
8
7
3
4
5
2
8
5
8
11
11
3
11
5
6
5
7
7
5
4
6
8
5
2
4
4
1
5
2
5
5
1
1
3
1
2
1
1
1
1
1
0
0
1
0
0
0
0
0
1
1
0
0
0
0
0
0
0
0
0
0
0
0
3
2
0
0
1
0
1
3
1
1
1
1
2
1
2
2
0
1
0
2
1
3
1
1
1
0
1
1
0
1
1
1
1
4
3
5
5
4
4
2
1
1
3
3
6
7
3
8
6
3
4
4
2
8
5
7
10
11
3
11
5
6
5
7
7
5
4
6
7
4
2
5
3
1
5
2
5
5
1
1
3
1
1
1
1
1
1
1
0
0
1
0
0
0
0
0
1
1
0
0
0
0
0
0
0
0
0
0
0
0
3
3
0
0
1
0
1
2
1
1
1
1
2
1
2
2
0
1
0
2
1
3
1
1
1
0
2
2
0
1
1
1
1
4
3
5
5
3
4
2
1
1
3
3
6
7
3
6
6
3
4
4
2
8
5
7
9
11
3
10
4
6
5
7
7
5
4
6
6
4
2
4
3
1
6
2
5
5
1
1
3
1
1
1
1
1
1
1
0
0
1
0
0
0
0
0
1
1
0
0

