0
2
1
0
3
2
1
0
2
1
1
1
4
3
0
0
1
4
2
3
0
2
0
2
2
4
1
3
4
6
4
2
2
3
0
5
3
3
6
5
4
7
3
3
3
4
3
10
6
8
9
11
7
4
2
7
6
3
5
4
2
3
2
3
7
5
4
4
1
2
1
2
1
2
1
1
1
0
0
1
0
1
0
1
0
0
0
1
0
0
0
0
0
0
0
0
0
0
0
0
0
0
4
4
2
2
4
1
0
0
0
3
1
0
3
2
1
0
2
1
1
1
4
3
0
0
1
4
2
3
0
2
0
2
2
4
1
3
4
6
4
2
2
3
0
4
3
3
6
5
4
7
3
3
3
4
3
10
6
8
9
11
7
3
2
6
6
3
3
4
2
3
2
3
7
5
4
4
1
2
1
2
1
2
1
1
1
0
0
1
0
1
0
1
0
0
0
1
0
0
0
0
0
0
0
0
0
0
0
0
0
0
3
5
3
3
4
0
0
0
0
2
1
0
3
2
1
0
2
1
1
1
4
3
0
0
1
4
2
2
0
2
0
2
2
3
1
3
4
6
4
2
2
3
0
4
3
3
6
5
4
7
2
3
2
4
3
9
6
7
8
10
7
3
2
6
6
3
3
4
2
3
2
3
6
5
4
3
1
2
1
2
1
3
0
1
1
0
0
1
0
1
0
1
0
0
0
1
0
0
0
0

