0
1
2
0
0
0
0
0
0
1
0
0
3
2
2
0
0
1
4
3
1
3
1
0
0
0
0
3
4
3
5
4
5
4
3
2
4
8
1
5
7
5
4
7
1
7
4
8
7
10
5
8
3
5
12
9
6
7
1
3
7
5
0
1
5
4
4
1
1
5
0
2
0
0
3
3
1
0
1
0
0
2
2
0
0
0
0
0
0
0
0
0
0
0
0
0
0
0
0
0
0
0
5
1
2
1
1
0
1
0
0
1
2
1
0
0
0
0
0
1
0
0
3
2
3
0
0
1
4
3
1
3
1
0
0
0
0
3
4
3
5
4
5
4
3
2
3
8
1
5
7
5
4
7
1
7
4
8
7
10
5
8
3
4
12
9
6
6
1
3
6
5
0
1
4
4
4
2
1
5
0
2
0
0
3
3
1
0
1
0
0
2
2
0
0
0
0
0
0
0
0
0
0
0
0
0
0
0
0
0
0
0
6
1
2
1
1
0
3
0
0
1
2
1
0
0
0
1
0
1
0
0
3
2
3
0
0
1
4
3
1
3
1
0
0
0
0
3
4
3
5
4
4
3
3
2
3
6
1
5
7
5
3
7
1
6
4
8
7
11
4
8
3
4
12
8
6
5
1
4
5
5
0
1
4
5
4
2
1
4
0
2
0
0
3
3
1
0
1
0
0
2
2
0
0
0
0
0
0
0
0
0

