0
2
2
1
1
0
1
2
2
1
1
0
0
2
1
2
0
3
1
0
0
0
1
1
0
4
4
6
5
5
0
1
3
2
1
1
2
4
8
3
2
5
7
5
4
4
3
7
5
11
9
2
10
4
9
6
9
3
6
1
6
3
1
4
2
5
6
2
6
1
3
3
4
0
2
2
3
2
1
1
0
0
1
0
1
1
0
0
0
0
0
0
0
0
0
0
0
0
0
0
0
0
3
1
1
2
2
0
1
0
0
2
2
2
1
0
1
2
2
1
1
0
0
2
1
2
0
3
1
0
0
0
1
1
0
4
4
6
5
5
0
1
3
2
1
1
2
4
8
3
2
5
5
5
4
4
3
7
5
11
9
2
10
4
9
6
9
3
6
1
6
3
1
3
1
5
6
2
6
1
3
3
4
0
2
2
3
2
1
1
0
0
1
0
1
1
0
0
0
0
0
0
0
0
0
0
0
0
0
0
0
0
4
1
1
2
2
0
1
0
0
2
2
2
2
0
1
1
2
1
1
0
0
2
1
1
0
3
1
0
0
0
1
1
0
4
5
6
4
4
0
2
3
3
1
1
2
4
9
3
1
5
5
5
4
4
3
7
5
11
8
2
10
4
9
6
9
3
5
1
6
3
1
2
1
5
6
2
6
1
3
3
4
0
2
2
3
2
1
1
0
0
1
0
1
1
0
0
0
0
0
0

