1
0
2
2
0
0
2
2
1
4
0
1
3
0
4
1
2
3
0
2
3
1
2
1
0
1
1
4
4
4
1
3
1
1
2
2
3
5
1
5
3
1
2
3
5
1
3
5
8
7
6
9
6
4
5
9
4
3
8
4
4
3
7
2
4
3
4
2
0
1
4
4
2
0
1
1
5
1
0
1
0
0
0
0
0
0
1
1
0
0
0
0
0
0
0
0
0
0
0
0
0
0
6
1
1
1
1
1
2
1
1
0
2
2
0
0
3
2
1
3
0
1
3
0
4
1
2
2
0
2
3
1
2
1
0
1
1
4
4
4
1
3
1
1
2
1
3
4
1
5
3
1
2
3
5
1
2
6
7
7
5
9
6
4
5
8
3
3
8
4
3
4
7
3
4
3
4
2
0
1
4
4
1
1
1
0
4
1
0
1
0
0
0
0
0
0
1
1
0
0
0
0
0
0
0
0
0
0
0
0
0
0
8
2
1
1
1
1
2
1
1
0
2
2
0
0
3
2
1
3
0
1
4
0
4
1
2
2
0
2
2
1
2
1
0
1
1
4
4
4
1
3
1
1
3
1
3
4
1
5
3
1
1
3
5
1
2
5
7
7
5
8
6
4
4
8
3
3
8
4
3
5
7
3
4
3
4
2
0
1
4
4
1
1
1
0
4
1
0
1
0
0
0
0
0
0
1
1
0
0
0
0

