3
1
3
0
1
2
1
4
1
1
2
2
2
3
1
0
3
1
1
1
1
3
2
3
2
1
1
3
3
1
4
5
2
5
5
2
1
12
8
3
2
7
2
4
4
1
8
8
7
11
8
5
10
6
7
4
9
5
4
5
5
3
7
8
2
3
1
3
2
4
1
5
1
1
2
1
0
0
1
2
0
0
0
0
1
0
1
0
0
0
0
0
0
0
0
0
0
0
0
0
0
0
3
1
2
0
3
1
1
3
3
1
3
0
1
2
1
4
1
1
2
2
2
3
1
0
3
1
1
1
1
3
2
3
2
0
1
3
3
1
4
5
2
5
5
2
1
11
8
3
2
7
2
4
4
1
8
8
7
11
8
5
10
5
7
4
9
5
4
4
5
3
7
8
2
3
1
3
2
4
0
5
1
1
2
1
0
0
1
2
0
0
0
0
1
0
1
0
0
0
0
0
0
0
0
0
0
0
0
0
0
0
3
1
2
0
4
1
1
3
3
1
3
1
1
2
1
5
1
1
2
2
2
3
1
0
4
1
1
1
1
2
2
3
2
0
1
3
3
1
4
5
2
5
4
2
1
11
8
3
3
7
2
4
4
1
8
8
7
11
8
5
10
5
7
4
9
5
4
3
5
2
7
8
2
3
1
3
2
4
0
5
1
1
2
1
0
0
1
2
0
0
0
0
1
0
1
0
0
0
0
0

