0
0
1
3
0
0
1
1
2
1
0
1
3
1
0
4
0
4
5
0
0
1
1
1
5
6
1
6
7
4
2
5
4
2
7
3
2
8
2
4
4
3
3
10
4
7
5
10
9
5
5
8
5
5
7
6
4
6
7
6
3
5
2
2
2
2
6
4
3
2
1
3
0
0
1
3
3
1
0
0
1
2
0
0
0
0
0
0
0
0
0
0
0
0
0
0
0
0
0
0
0
0
6
1
1
2
0
0
0
1
0
0
1
3
0
0
1
1
1
1
0
1
3
2
0
4
0
5
5
0
0
1
1
1
5
6
1
6
7
4
2
5
5
2
6
3
2
7
2
4
4
3
3
8
4
7
5
9
9
4
5
8
5
5
7
5
3
6
7
5
3
5
2
2
2
2
6
4
3
2
1
3
1
0
1
3
3
1
0
0
1
1
0
0
0
0
0
0
0
0
0
0
0
0
0
0
0
0
0
0
0
0
6
1
1
2
0
0
0
1
0
0
1
3
0
0
1
1
1
1
0
1
3
2
0
4
0
5
5
0
0
1
1
1
6
6
1
6
7
4
2
5
5
2
6
4
2
7
2
4
4
3
3
8
4
7
5
8
9
3
5
8
5
5
7
5
1
7
7
5
3
5
2
2
2
2
6
4
3
2
1
2
1
0
1
3
3
1
0
0
1
1
0
0
0
0
0
0
0
0
0
0

