0
0
1
0
1
1
0
0
0
0
2
0
3
0
4
0
0
1
1
2
5
4
1
3
1
1
1
1
5
4
3
3
3
3
3
4
3
4
5
6
5
8
1
7
7
4
5
6
7
5
4
8
5
8
6
8
7
7
1
7
2
2
5
4
4
3
2
2
2
4
2
2
1
3
1
4
0
0
1
2
1
1
0
0
0
0
0
0
0
0
0
0
0
0
0
0
0
0
0
0
0
0
3
1
3
0
1
0
2
2
0
0
1
0
1
1
0
0
0
0
2
0
3
1
4
0
0
1
1
2
5
4
1
3
1
1
1
1
5
4
3
3
3
3
3
4
3
4
5
6
5
8
1
7
7
4
5
6
7
5
4
8
5
8
6
7
7
7
1
7
2
2
5
5
4
3
3
2
2
4
2
2
1
3
1
4
0
0
1
1
0
1
0
0
0
0
0
0
0
0
0
0
0
0
0
0
0
0
0
0
0
0
3
1
3
0
1
1
2
2
0
0
1
1
1
1
0
0
1
0
2
0
3
1
3
0
0
1
1
2
5
4
1
3
1
1
1
1
5
4
3
3
3
3
3
4
3
4
5
6
5
8
1
7
7
4
5
6
7
5
4
7
4
6
6
7
7
6
1
6
2
1
6
5
4
3
3
2
1
4
2
2
1
3
1
4
0
0
1
1
0
1
0
0
0
0
0
0
0
0
0
0

