2
0
0
1
3
1
0
2
1
0
0
1
1
0
3
0
1
4
4
2
2
4
4
1
2
4
4
3
1
3
3
2
4
6
6
6
2
11
6
4
3
1
3
8
6
5
7
4
11
6
14
5
9
5
7
8
10
0
2
6
5
6
2
5
4
2
3
0
2
5
3
4
1
0
4
1
2
1
1
1
0
0
0
1
0
1
0
0
0
0
0
0
0
0
0
0
0
0
0
0
0
0
2
1
1
3
3
3
1
3
2
0
0
1
4
2
0
2
1
0
0
1
1
0
3
0
1
4
4
2
2
4
4
1
2
4
3
3
1
3
2
2
3
6
6
6
2
11
5
4
3
1
2
8
6
5
6
3
11
6
13
5
8
5
7
8
10
0
2
6
5
6
2
5
3
2
3
0
2
5
3
4
1
0
4
1
2
1
1
1
0
0
0
1
0
1
0
0
0
0
0
0
0
0
0
0
0
0
0
0
0
0
2
1
1
4
3
3
1
3
2
1
0
1
4
2
0
2
1
0
0
1
1
0
2
0
1
2
4
2
1
4
3
1
2
4
3
3
1
3
2
2
3
6
5
6
1
10
5
4
3
1
2
8
6
5
5
3
11
6
13
5
8
5
7
8
10
0
2
6
5
6
1
5
3
2
3
0
2
5
2
4
1
0
4
1
2
1
1
1
0
0
0
1
0
1
0
0
0
0
0
0

