0
1
1
0
1
2
0
3
0
1
1
0
2
1
0
2
1
2
1
2
5
3
1
2
2
2
1
3
3
1
3
4
3
3
2
5
0
4
7
5
8
7
4
8
3
5
3
6
6
2
8
7
8
3
6
8
4
4
6
10
3
8
7
1
7
2
2
1
5
1
1
1
2
0
3
0
3
0
1
1
1
0
0
0
1
0
0
0
0
0
0
0
0
0
0
0
0
0
0
0
0
0
6
0
0
1
1
0
0
1
0
1
1
0
1
2
0
3
1
1
1
0
1
1
0
2
1
2
1
2
5
3
1
2
2
1
1
3
3
1
3
4
3
3
1
4
0
4
6
5
8
7
4
8
2
5
3
5
5
2
8
7
8
3
4
8
3
4
6
10
3
8
7
1
7
2
1
1
4
2
1
1
2
0
2
0
3
0
1
1
1
0
0
0
1
0
0
0
0
0
0
0
0
0
0
0
0
0
0
0
0
0
6
0
0
1
1
0
1
2
0
1
1
0
1
2
0
3
1
1
2
0
1
1
0
1
1
2
1
2
4
3
1
2
1
1
1
3
3
1
3
3
3
3
1
2
0
4
6
5
8
7
4
8
2
4
3
5
5
2
8
7
8
3
4
8
3
4
6
10
2
8
6
1
7
2
1
1
4
2
1
1
2
0
2
0
3
0
1
1
1
0
0
0
1
0
0
0
0
0
0
0

