2
4
1
1
1
1
0
1
0
1
1
1
0
1
2
0
1
2
4
1
2
1
0
3
1
4
1
4
2
3
6
1
5
3
5
7
3
5
7
1
4
1
3
3
4
4
6
7
7
8
15
7
7
4
2
6
3
7
3
6
10
6
0
3
2
5
7
7
5
0
3
5
1
1
4
3
4
1
0
0
0
0
0
0
0
1
0
0
0
0
0
0
0
0
0
0
0
0
0
0
0
0
3
2
2
1
1
0
1
1
2
4
1
1
1
1
0
1
0
1
1
1
0
1
2
0
1
2
4
1
2
1
0
3
1
5
1
4
1
3
6
1
4
3
6
5
3
5
8
1
4
1
3
3
4
5
6
7
7
8
14
7
7
4
3
6
3
7
3
6
9
6
0
3
1
5
7
7
3
0
3
5
1
1
4
3
4
1
0
0
0
0
0
0
0
1
0
0
0
0
0
0
0
0
0
0
0
0
0
0
0
0
3
2
2
1
2
0
1
1
2
5
1
1
1
1
0
1
1
1
1
1
0
1
2
0
1
2
4
0
2
1
0
2
1
5
2
4
1
2
6
1
4
3
6
5
3
5
8
1
5
1
3
3
4
5
6
7
7
8
14
6
7
4
3
6
3
7
3
5
9
7
0
3
1
5
7
6
3
0
3
5
1
1
4
3
4
1
0
0
0
0
0
0
0
1
0
0
0
0
0
0

