0
2
1
1
0
1
0
1
1
1
0
0
1
1
2
0
2
2
2
0
3
2
4
1
1
0
4
0
4
6
7
3
3
3
3
2
7
12
3
2
3
6
6
3
4
5
2
3
5
13
4
13
5
9
6
12
7
3
6
5
3
5
3
5
2
6
2
5
2
3
0
2
1
1
2
1
2
0
1
1
1
1
0
0
0
2
1
0
1
0
0
0
0
0
0
0
0
0
0
0
0
0
4
2
1
2
0
0
1
1
0
2
2
1
0
1
0
1
1
0
0
0
1
1
2
0
2
2
2
0
3
2
4
1
1
0
4
0
3
7
8
3
3
3
3
3
7
10
3
2
3
6
6
3
4
5
2
3
5
13
4
13
5
8
6
12
6
3
6
5
3
4
3
5
2
6
1
4
2
3
0
2
1
1
3
1
2
0
1
1
1
1
0
0
0
2
1
0
1
0
0
0
0
0
0
0
0
0
0
0
0
0
2
2
2
2
0
0
1
1
0
2
2
1
1
1
0
1
1
0
0
0
1
1
2
0
2
0
2
0
4
2
4
1
0
1
4
0
3
7
8
3
3
4
3
3
7
11
3
2
3
6
6
3
4
5
2
3
5
11
4
13
5
8
6
11
6
3
6
5
3
4
3
4
2
6
1
4
2
3
0
2
1
1
3
1
2
0
1
1
1
1
0
0
0
2
1
0
1
0
0
0

