2
2
1
0
0
0
1
0
1
1
0
2
0
2
0
1
0
2
3
1
2
1
1
0
1
5
2
2
2
5
7
12
5
3
2
3
2
7
8
7
8
6
2
2
8
6
8
6
9
3
9
6
3
3
4
4
8
2
7
5
3
7
2
3
1
1
4
4
2
1
4
4
2
1
2
3
1
1
2
0
1
1
0
0
0
0
0
0
1
0
0
0
0
0
0
0
0
0
0
0
0
0
4
0
3
1
2
1
1
0
2
1
1
0
0
0
2
0
1
1
0
2
0
2
1
1
0
2
3
0
2
1
1
0
0
5
2
2
2
4
7
12
5
3
2
3
1
6
7
7
8
6
2
2
8
6
7
6
8
3
9
6
3
4
4
4
8
2
7
5
3
8
2
2
1
1
4
4
2
1
4
4
2
1
2
3
1
1
2
0
1
1
0
0
0
0
0
0
0
0
0
0
0
0
0
0
0
0
0
0
0
0
6
0
3
1
2
1
1
0
3
1
1
0
0
0
2
1
1
1
1
2
0
2
1
1
0
2
3
0
2
1
1
0
0
5
2
2
1
5
7
12
5
3
2
3
1
6
7
7
8
6
2
2
8
6
7
6
8
3
10
5
3
4
4
4
8
2
7
5
3
8
2
2
1
1
3
4
2
1
4
4
2
1
2
3
1
1
2
0
1
1
0
0
0
0
0
0
0
0
0
0

