0
1
2
2
1
0
2
2
2
0
0
2
0
2
1
1
1
2
1
1
1
1
2
3
2
1
0
3
3
2
4
1
2
3
5
6
6
7
7
6
3
5
2
4
3
3
4
10
4
5
17
9
10
6
6
6
3
9
3
3
6
4
2
5
4
6
5
3
3
3
3
3
2
3
3
4
0
0
0
2
0
2
0
1
0
1
0
0
0
0
0
0
0
0
0
0
0
0
0
0
0
0
2
0
0
0
1
0
0
1
0
1
2
2
1
0
2
2
2
0
0
3
0
2
1
1
1
2
1
1
1
1
2
3
2
1
0
3
3
2
4
1
2
3
5
5
6
7
7
6
3
4
2
3
3
3
4
10
4
5
17
8
10
6
6
6
3
9
3
3
5
3
3
5
3
5
5
3
3
3
3
3
2
3
3
3
0
0
0
2
0
2
0
1
0
0
0
0
0
0
0
0
0
0
0
0
0
0
0
0
0
0
2
0
0
0
1
0
1
1
0
1
2
2
1
0
2
2
3
0
0
3
0
2
1
1
1
1
1
1
1
1
2
2
2
1
0
3
3
2
4
2
2
3
5
5
5
7
7
6
3
4
2
3
3
3
4
10
4
5
17
8
10
6
6
5
3
8
3
3
5
4
3
4
3
4
5
2
3
3
3
3
2
3
4
3
0
0
0
2
0
2
0
1
0
0
0
0
0
0
0
0

