0
1
2
0
0
1
0
1
1
3
0
1
0
2
0
2
0
2
1
1
1
1
2
2
1
0
1
1
4
4
4
6
8
4
1
3
2
7
2
5
8
3
5
5
8
4
4
12
7
8
7
2
5
11
4
10
9
9
1
1
5
2
2
0
3
6
6
3
2
0
1
5
0
2
2
1
2
0
1
0
1
1
0
0
0
0
0
0
0
0
0
0
0
0
0
0
0
0
0
0
0
0
5
2
1
2
1
0
2
1
0
1
2
0
0
1
0
1
1
4
0
1
0
3
0
2
0
1
1
1
1
1
2
2
0
0
1
1
4
4
4
5
8
4
1
3
2
7
2
5
7
3
6
5
6
4
3
11
7
8
7
2
5
11
4
10
7
9
2
1
4
1
2
0
3
6
6
3
2
0
1
5
0
2
2
1
2
0
1
0
1
1
0
0
0
0
0
0
0
0
0
0
0
0
0
0
0
0
0
0
0
0
5
3
1
2
1
0
2
2
0
1
2
0
0
1
0
1
1
4
1
1
1
3
0
2
0
1
1
2
1
1
2
2
0
0
1
1
4
4
4
5
8
3
1
3
2
6
2
5
7
3
6
5
6
4
3
11
7
8
7
2
5
10
3
10
7
9
2
1
4
1
2
0
3
5
6
3
2
1
1
5
0
1
2
1
2
0
0
0
1
1
0
0
0
0
0
0
0
0
0
0

