1
1
1
1
1
3
0
0
2
1
1
2
0
1
1
0
2
4
1
1
5
2
4
3
4
4
3
1
3
5
2
4
5
5
2
5
0
8
4
3
3
6
5
4
2
7
2
5
7
7
4
5
4
3
4
11
10
4
6
3
2
2
2
2
6
3
1
2
1
3
1
4
0
1
3
2
0
0
0
0
2
1
0
0
0
1
0
0
0
0
0
0
0
0
0
0
0
0
0
0
0
0
5
2
1
2
2
0
0
1
1
1
1
1
1
3
0
0
2
0
2
2
0
1
1
0
2
4
1
1
5
2
4
3
3
3
3
1
3
5
2
4
5
5
2
5
0
8
4
3
3
5
5
4
3
6
2
5
6
6
4
4
4
3
4
11
10
4
6
3
2
3
2
1
6
3
1
2
1
2
1
4
0
1
3
2
0
0
0
0
2
1
0
0
0
1
0
0
0
0
0
0
0
0
0
0
0
0
0
0
0
0
5
2
1
2
1
0
0
1
1
1
1
1
1
3
0
0
2
0
2
2
0
1
1
0
2
4
1
1
6
2
4
3
3
3
3
1
3
5
2
4
5
5
2
5
0
8
4
3
3
4
5
4
3
5
2
5
6
4
4
4
4
2
4
11
10
3
6
2
2
4
2
1
6
3
1
2
1
3
1
5
0
1
3
2
0
0
0
0
2
1
0
0
0
1
0
0
0
0
0
0

