3
0
0
1
0
0
0
1
2
1
3
2
2
2
1
1
2
0
4
2
2
5
3
0
1
2
2
3
6
2
3
1
1
2
1
0
2
9
6
5
7
8
5
4
5
4
1
4
10
10
8
12
6
5
4
4
4
4
5
3
7
5
2
7
1
7
2
5
0
4
2
3
2
2
0
1
1
0
0
1
0
0
1
0
0
0
0
0
0
0
0
0
0
0
0
0
0
0
0
0
0
0
4
0
1
1
2
1
2
0
4
1
0
1
0
0
0
1
2
1
2
2
2
2
1
1
2
1
4
2
2
5
3
0
1
2
2
3
6
3
3
1
0
2
1
0
1
9
6
5
8
8
5
4
5
4
1
4
8
8
8
11
6
5
4
4
4
4
4
3
7
5
2
7
1
7
2
4
0
4
1
3
2
2
1
1
1
0
0
1
0
0
1
0
0
0
0
0
0
0
0
0
0
0
0
0
0
0
0
0
0
0
4
0
1
1
2
1
3
0
4
1
0
1
0
1
0
1
2
1
2
3
2
2
1
1
2
1
4
2
2
5
3
0
1
2
2
3
6
3
3
1
0
2
1
0
1
9
6
5
7
8
5
3
5
3
1
4
8
8
8
10
6
5
4
4
4
3
3
3
7
4
2
6
1
7
2
4
0
4
1
3
2
2
1
1
1
0
0
1
0
0
1
0
0
0
0
0
0
0
0
0

