0
2
3
2
0
0
0
0
0
0
1
3
2
0
0
1
1
0
1
2
4
3
2
2
1
2
1
3
2
3
1
7
4
1
3
3
3
4
6
1
7
6
5
6
5
2
5
4
7
7
6
4
9
5
10
5
3
3
1
2
6
5
2
2
5
3
1
2
4
3
2
3
2
2
1
0
1
0
1
1
2
0
0
0
0
1
0
0
0
0
0
0
0
0
0
0
0
0
0
0
0
0
1
2
0
1
2
1
2
2
0
2
3
2
0
0
0
0
0
0
1
3
2
0
1
1
1
0
1
2
4
3
2
2
1
2
1
3
3
3
1
8
3
0
3
3
4
3
6
1
6
5
5
6
5
2
5
4
6
7
6
3
9
4
11
5
3
3
1
2
6
5
2
2
5
3
1
2
4
3
2
3
2
2
1
0
1
0
1
1
2
0
0
0
0
1
0
0
0
0
0
0
0
0
0
0
0
0
0
0
0
0
1
2
0
1
2
1
2
2
0
2
3
2
0
0
0
0
0
0
1
3
1
0
1
1
1
0
0
2
2
3
2
3
1
2
1
3
3
3
1
7
2
0
3
3
4
3
6
1
6
5
5
6
4
2
4
4
5
7
5
3
9
4
11
5
4
3
1
2
5
5
2
2
5
3
1
2
4
4
2
3
2
2
0
0
1
0
1
1
2
0
0
0
0
1
0
0
0
0
0
0

