1
2
0
2
1
1
1
1
1
2
0
0
2
1
0
2
1
2
5
1
0
1
3
1
4
2
2
7
3
3
6
4
4
4
6
4
5
6
8
3
6
6
5
7
6
2
6
3
4
7
6
9
6
5
7
8
8
4
6
4
5
9
3
2
4
2
2
3
4
2
4
2
2
0
2
4
0
0
0
1
0
1
1
0
0
0
1
0
0
1
0
0
0
0
0
0
0
0
0
0
0
0
4
1
0
1
1
2
3
2
1
2
0
2
1
1
1
1
1
2
0
0
2
1
0
2
1
2
5
1
0
1
3
1
4
2
1
7
3
3
6
4
4
4
6
4
5
6
8
3
5
6
5
7
6
1
5
3
3
7
6
9
6
5
7
7
9
4
6
4
5
9
3
2
4
2
2
2
4
1
4
2
2
0
2
4
0
0
0
1
0
1
1
0
0
0
1
0
0
1
0
0
0
0
0
0
0
0
0
0
0
0
5
1
0
2
1
2
3
1
1
2
0
2
1
1
1
1
1
2
0
0
2
1
0
2
1
2
5
1
0
1
3
1
4
2
1
7
4
3
5
4
4
4
6
4
5
6
8
3
5
6
5
7
6
1
5
3
3
7
6
9
5
5
7
7
9
4
6
4
5
8
3
2
4
2
2
2
4
1
4
2
2
0
2
4
0
0
0
1
0
0
1
0
0
0
1
0
0
1
0
0

