1
1
1
1
0
0
1
2
0
2
2
2
1
1
4
0
1
2
3
1
4
1
0
3
2
3
2
3
8
11
6
5
5
9
3
6
2
5
3
6
5
8
6
8
6
5
9
4
8
10
3
5
6
4
6
4
6
3
1
4
8
3
4
5
3
4
3
3
2
6
2
5
2
1
0
1
0
0
3
3
1
0
0
0
0
1
0
0
0
0
0
0
0
0
0
0
0
0
0
0
0
0
8
1
1
0
0
1
1
1
1
1
1
1
0
0
1
2
0
3
1
2
1
1
4
0
1
2
3
1
4
2
0
3
2
3
2
2
8
10
6
6
5
8
3
5
2
5
4
5
5
8
6
8
6
5
9
5
8
10
3
5
6
4
5
4
5
3
1
4
7
3
4
5
3
4
3
3
2
6
2
5
2
1
0
1
0
0
3
3
1
0
0
0
0
1
0
0
0
0
0
0
0
0
0
0
0
0
0
0
0
0
9
1
2
0
1
1
1
1
1
1
1
1
0
0
1
2
0
3
2
2
1
1
4
0
1
2
2
1
4
2
0
3
2
3
2
2
8
10
6
6
5
7
3
5
2
5
4
5
5
8
6
8
6
5
9
4
8
11
3
5
6
4
3
4
5
3
1
4
7
3
4
5
3
4
3
3
2
6
2
4
2
1
0
1
0
0
3
3
1
0
0
0
0
1
0
0
0
0
0
0

