1
1
1
0
2
3
0
1
0
0
0
1
0
0
1
0
1
2
0
1
4
2
4
1
2
2
1
2
3
3
2
2
1
2
2
6
5
1
7
8
1
5
9
6
2
5
9
12
7
7
7
10
6
9
9
6
7
7
5
4
3
5
2
6
4
3
4
2
4
2
4
4
0
2
0
1
0
0
1
1
0
2
0
0
0
0
0
0
0
0
0
0
0
0
0
0
0
0
0
0
0
0
8
1
0
2
1
1
2
1
1
1
1
0
2
3
0
1
1
0
0
1
0
0
1
0
1
2
0
1
4
2
5
1
2
2
1
2
3
3
2
2
1
2
2
6
5
0
7
8
1
5
9
6
2
5
8
12
7
7
7
10
6
9
8
6
7
7
4
4
3
5
2
5
4
3
4
2
3
2
4
4
0
2
0
1
0
0
1
1
0
2
0
0
0
0
0
0
0
0
0
0
0
0
0
0
0
0
0
0
0
0
8
1
0
2
1
1
2
1
1
1
1
0
2
3
0
1
1
0
0
1
0
0
1
0
1
2
0
1
4
2
4
1
2
2
1
2
2
2
2
2
1
2
2
6
5
0
7
8
1
5
10
6
2
5
8
13
6
7
8
10
6
9
8
5
7
6
4
4
3
5
2
5
4
3
4
2
3
2
4
4
0
2
0
1
0
0
1
1
0
2
0
0
0
0
0
0
0
0
0
0

