0
2
1
0
1
1
0
1
2
2
0
0
1
0
0
1
1
1
2
5
2
3
3
1
1
3
4
3
2
5
3
5
3
8
4
4
1
0
4
4
5
3
4
6
9
5
4
9
8
6
6
3
5
6
8
8
9
1
4
2
6
4
1
5
2
5
2
4
3
5
4
3
2
2
1
3
1
0
1
0
1
0
0
0
1
0
0
0
0
0
0
0
0
0
0
0
0
0
0
0
0
0
3
2
0
1
2
1
2
1
0
2
1
0
1
1
0
1
2
2
0
0
1
0
0
1
1
1
2
5
2
3
3
1
1
3
4
3
2
5
3
5
3
8
4
4
1
0
3
4
5
3
3
6
9
5
4
9
9
6
6
3
5
6
7
8
10
1
4
3
6
4
1
5
2
5
3
4
3
5
4
3
2
2
1
3
1
0
1
0
1
0
0
0
1
0
0
0
0
0
0
0
0
0
0
0
0
0
0
0
0
0
4
2
0
1
2
1
2
1
0
2
1
0
1
1
0
1
2
2
0
1
0
0
0
1
1
1
2
5
2
3
3
1
1
3
5
3
2
5
3
5
2
8
4
4
1
0
3
3
4
3
3
6
9
5
4
9
9
6
6
3
4
6
7
7
10
1
4
3
6
4
1
5
2
5
3
4
3
5
4
3
2
2
1
3
1
0
1
0
1
0
0
0
1
0
0
0
0
0
0
0

