1
0
0
0
2
3
0
0
3
0
0
0
3
0
0
2
0
2
2
1
2
3
2
3
0
2
2
2
0
2
4
3
2
6
4
1
1
2
6
4
4
2
3
4
7
6
2
7
5
8
7
15
6
5
4
8
6
5
1
8
5
1
2
6
2
1
7
1
2
5
3
2
2
1
5
1
1
2
1
0
2
1
0
0
0
0
2
0
0
0
0
0
0
0
0
0
0
0
0
0
0
0
4
0
1
2
1
0
1
0
1
0
0
0
2
3
0
0
3
0
0
0
3
0
0
2
0
2
2
1
2
3
2
3
0
2
1
2
0
2
4
3
2
6
3
1
1
2
6
4
3
2
3
4
7
6
2
7
4
8
6
14
6
5
4
8
6
5
1
8
5
1
2
6
2
1
7
1
2
5
3
3
2
1
5
1
1
2
1
0
2
1
0
0
0
0
2
0
0
0
0
0
0
0
0
0
0
0
0
0
0
0
5
0
1
2
1
0
1
1
2
0
0
0
2
3
0
0
3
0
0
0
3
0
0
2
0
2
1
1
2
3
2
3
0
2
1
2
0
2
4
3
2
6
2
1
0
2
6
3
3
2
3
4
7
6
2
7
4
8
6
13
6
5
4
8
6
6
1
8
4
1
2
5
2
1
6
1
2
5
4
3
2
1
5
1
1
2
1
0
2
1
0
0
0
0
2
0
0
0
0
0

