1
1
0
0
2
2
1
2
1
2
1
1
0
0
2
1
0
1
1
2
0
2
2
3
2
2
1
6
3
4
6
1
4
2
6
3
2
2
6
8
3
6
3
5
4
10
8
4
6
5
6
5
3
6
10
7
8
9
3
7
3
5
3
1
2
2
2
0
3
1
2
2
1
1
0
1
0
2
1
0
0
1
0
0
0
0
2
0
0
0
0
0
0
0
0
0
0
0
0
0
0
0
2
2
0
0
0
1
1
2
1
1
0
0
2
2
1
2
1
2
1
1
1
0
2
1
0
1
1
2
0
1
2
3
1
2
1
6
3
4
6
1
4
2
6
2
2
2
6
7
3
6
3
5
4
10
8
4
6
5
6
5
3
6
11
7
8
9
3
7
2
5
3
1
2
2
2
0
3
1
2
2
1
1
0
1
0
2
1
0
0
1
0
0
0
0
2
0
0
0
0
0
0
0
0
0
0
0
0
0
0
0
2
2
0
0
0
2
1
2
1
1
0
0
2
2
1
3
1
2
1
0
1
0
2
1
0
1
1
2
0
1
2
3
1
2
1
6
3
4
6
1
4
1
6
2
2
2
5
7
3
6
3
5
3
10
7
4
6
5
7
5
3
6
11
6
8
9
4
7
2
5
3
1
2
2
2
0
3
1
2
2
1
1
0
1
0
2
1
0
0
1
0
0
0
0
2
0
0
0
0
0

