1
0
0
0
0
1
1
2
1
0
0
2
0
0
1
3
1
3
2
1
1
1
2
2
3
1
2
1
3
3
6
2
3
3
7
1
1
6
7
4
11
3
4
1
5
4
4
4
6
8
3
7
5
4
6
7
6
4
9
3
2
6
3
6
3
2
5
1
4
0
1
2
1
0
1
1
1
0
0
0
1
1
0
1
0
0
0
0
0
0
0
0
0
0
0
0
0
0
0
0
0
0
3
0
1
0
0
1
2
1
1
0
1
0
0
1
1
3
1
0
1
1
0
0
1
3
1
3
2
1
1
1
2
2
3
1
2
1
3
3
6
2
3
3
7
1
1
6
7
4
11
3
5
2
5
4
4
4
6
8
3
6
5
4
6
7
5
4
9
3
2
6
3
6
3
2
4
1
4
0
1
1
1
0
0
1
1
0
0
0
1
1
0
1
0
0
0
0
0
0
0
0
0
0
0
0
0
0
0
0
0
0
3
1
1
0
0
1
2
1
1
0
2
0
0
1
1
3
2
0
1
1
0
0
1
3
1
3
2
1
1
1
2
2
3
1
2
1
3
3
5
2
3
3
7
1
1
6
7
4
10
2
5
2
4
4
4
3
6
7
3
5
5
4
6
6
4
4
8
3
1
6
4
5
3
2
4
1
4
0
1
1
1
0
0
1
1
0
0
0
1
1
0
1
0
0
0
0
0
0
0
0

