2
1
1
2
0
2
0
3
0
2
2
0
4
0
0
1
1
1
1
2
3
0
3
0
0
2
1
2
5
4
8
2
5
5
0
5
4
6
8
4
6
6
8
5
11
3
2
6
3
8
7
8
4
3
5
5
2
4
4
3
1
6
2
8
4
4
2
4
2
2
2
2
2
2
2
1
1
4
0
0
0
0
0
0
1
0
1
0
0
0
0
0
0
0
0
0
0
0
0
0
0
0
2
0
1
2
2
0
1
0
2
1
1
1
1
2
0
3
0
2
2
0
4
0
0
1
1
0
2
2
3
0
3
0
0
2
1
2
5
4
8
2
5
5
0
5
4
6
8
4
6
5
8
5
11
3
2
6
2
8
7
8
4
2
5
5
2
3
4
3
1
6
2
8
4
4
2
4
2
1
2
2
2
2
2
1
1
4
0
0
0
0
0
0
1
0
0
0
0
0
0
0
0
0
0
0
0
0
0
0
0
0
4
1
1
2
2
0
1
0
2
1
1
1
1
2
0
3
0
2
2
0
4
0
0
1
1
0
2
2
3
0
3
0
0
2
1
2
5
4
8
2
5
5
0
5
4
5
8
4
6
5
8
4
11
3
2
6
2
7
7
8
4
3
5
5
2
3
4
3
1
6
2
7
4
4
1
4
1
1
2
2
2
2
2
1
1
4
0
0
0
0
0
0
1
0
0
0
0
0
0
0

