2
0
1
2
0
0
1
1
1
0
2
5
1
1
0
1
2
2
3
2
1
4
1
0
1
5
2
3
1
1
6
4
2
3
2
3
6
2
4
1
4
5
4
2
5
5
2
7
9
10
5
11
6
7
6
2
6
2
8
6
5
4
3
5
3
4
2
2
5
4
3
8
0
0
0
1
1
1
1
0
1
0
0
0
0
0
1
0
0
0
0
0
0
0
0
0
0
0
0
0
0
0
0
0
1
0
1
0
0
0
2
0
1
2
0
0
1
1
1
0
2
4
1
1
0
1
2
2
3
2
1
4
1
0
1
5
2
3
1
1
6
4
1
3
2
3
6
2
4
0
5
5
4
1
5
4
2
7
9
10
5
11
5
6
5
2
6
2
8
6
5
4
3
5
3
4
2
2
5
4
4
8
0
0
0
1
1
1
1
0
1
0
0
0
0
0
1
0
0
0
0
0
0
0
0
0
0
0
0
0
0
0
0
0
1
0
1
0
0
1
3
0
1
2
0
0
1
3
1
0
2
4
1
1
0
1
2
2
3
2
1
3
1
0
1
4
2
3
1
1
6
4
1
3
2
3
6
2
3
0
5
5
4
1
5
4
2
7
7
10
5
10
5
5
5
2
6
2
8
6
5
4
3
5
3
4
2
2
5
4
4
8
0
0
0
1
1
1
1
0
1
0
0
0
0
0
1
0
0
0
0
0

