3
0
1
1
0
1
0
0
3
0
2
0
0
1
0
2
2
0
2
1
2
3
3
1
3
1
0
4
4
5
3
1
3
0
5
5
1
5
5
2
4
5
3
4
6
7
6
4
7
8
13
3
7
5
6
4
7
6
5
7
5
4
5
6
3
4
7
3
1
2
3
5
1
1
3
4
1
0
0
0
0
2
0
0
0
0
0
0
0
1
0
0
0
0
0
0
0
0
0
0
0
0
1
0
1
2
3
1
2
0
4
0
1
1
0
1
0
0
3
1
2
0
0
1
0
2
2
0
2
1
2
3
3
1
3
1
0
4
4
5
3
1
3
0
5
5
1
5
4
2
4
5
3
4
6
7
5
4
6
8
12
3
7
5
6
4
7
6
5
7
5
4
5
7
2
4
8
3
1
2
3
5
1
1
3
4
1
0
0
0
0
2
0
0
0
0
0
0
0
1
0
0
0
0
0
0
0
0
0
0
0
0
1
0
1
2
3
1
2
1
4
0
1
1
0
1
0
0
3
1
2
0
0
2
0
2
2
0
2
1
2
3
3
1
3
1
0
4
4
5
3
1
3
0
5
4
1
5
4
1
4
5
3
3
6
7
5
3
6
8
11
3
7
5
7
3
7
5
4
7
5
5
4
7
2
4
8
3
1
1
2
5
1
1
3
4
1
0
0
0
0
1
0
0
0
0
0
0
0
1
0
0

