1
0
0
0
1
2
0
0
1
1
2
0
1
1
3
0
1
1
1
2
1
0
2
0
1
3
1
0
2
3
2
3
5
2
2
4
3
13
3
3
4
8
4
6
4
5
9
4
9
9
8
8
13
3
2
7
11
4
7
6
5
3
0
5
6
4
3
1
3
1
2
3
1
2
2
2
1
2
2
0
0
2
1
0
0
1
0
0
0
0
0
0
0
0
0
0
0
0
0
0
0
0
3
1
1
0
1
2
1
2
2
0
0
0
1
2
0
0
1
1
2
0
1
1
3
0
1
1
1
2
1
0
2
0
1
3
1
0
2
3
2
3
5
2
3
4
3
12
3
3
4
7
3
6
4
4
9
4
9
8
8
7
13
3
2
8
11
4
7
6
6
1
0
5
6
4
3
1
1
1
2
3
1
2
2
2
1
2
2
0
0
2
1
0
0
1
0
0
0
0
0
0
0
0
0
0
0
0
0
0
0
0
4
1
1
0
1
2
1
2
1
0
0
0
1
2
0
0
1
1
2
0
1
1
3
0
1
1
1
2
1
0
1
0
1
2
1
0
2
3
2
3
5
3
3
4
3
12
3
3
4
7
3
6
4
4
9
4
9
8
8
7
11
3
3
8
10
4
6
7
6
1
0
5
6
4
3
1
1
1
2
3
1
2
2
2
1
2
2
0
0
2
1
0
0
1
0
0
0
0
0
0

