0
0
0
1
1
1
1
1
2
0
1
0
1
2
0
2
2
2
3
1
2
1
2
4
1
2
4
3
0
5
4
4
3
2
5
4
3
2
10
12
3
5
5
7
6
4
5
2
4
6
6
8
8
6
9
11
8
4
7
2
5
5
4
4
1
2
5
2
1
0
1
2
4
0
1
2
2
0
0
2
0
0
0
1
1
0
0
0
0
0
0
0
0
0
0
0
0
0
0
0
0
0
6
0
0
0
0
0
0
1
0
0
0
1
2
1
1
1
2
0
2
0
1
2
0
1
2
2
4
1
2
1
2
4
1
2
4
4
0
5
4
4
3
1
4
4
3
2
9
11
3
4
5
7
6
4
5
2
4
5
6
8
6
6
9
11
7
4
6
2
4
4
2
3
1
2
5
2
1
0
1
2
4
0
1
2
2
0
0
2
0
0
0
1
1
0
0
0
0
0
0
0
0
0
0
0
0
0
0
0
0
0
7
0
0
0
0
0
1
1
0
0
0
1
2
1
2
1
2
2
2
0
1
2
0
1
2
2
3
1
2
1
2
4
1
2
3
3
0
5
4
4
3
1
4
4
3
2
9
11
3
4
5
7
6
4
5
2
4
5
6
8
7
6
8
10
7
3
6
2
4
3
2
3
1
2
5
2
0
0
1
1
4
0
1
2
2
0
0
2
0
0
0
1
1
0
0
0
0
0
0
0

