0
0
1
1
1
0
0
0
0
1
2
1
0
0
0
0
0
2
1
2
1
0
1
3
0
1
1
1
5
2
6
2
3
4
1
1
4
5
7
6
5
5
5
4
3
3
6
4
7
2
6
7
3
10
3
8
4
4
8
5
4
5
2
5
7
2
3
2
4
2
2
7
2
2
2
1
4
2
1
0
1
0
0
0
0
0
0
0
0
0
0
0
0
0
0
0
0
0
0
0
0
0
4
1
1
1
0
0
0
1
1
0
1
1
2
0
0
0
0
1
2
1
0
0
0
0
0
2
1
2
1
0
1
3
0
1
1
1
5
2
6
2
3
4
1
0
4
5
7
6
4
5
5
4
2
3
6
4
5
2
6
7
3
10
3
8
4
4
8
5
4
5
2
5
7
2
3
2
4
2
2
7
2
2
2
1
4
2
1
0
1
0
0
0
0
0
0
0
0
0
0
0
0
0
0
0
0
0
0
0
0
0
3
1
1
1
0
0
0
1
1
0
2
1
2
0
0
0
0
1
2
1
0
1
0
0
0
2
1
2
1
0
1
3
0
1
1
1
5
2
7
1
2
4
1
0
4
5
7
4
4
5
5
4
2
3
6
4
5
2
6
6
3
10
3
8
4
4
8
5
4
5
2
5
7
2
3
2
4
2
2
7
3
1
2
1
3
2
1
0
1
0
0
0
0
0
0
0
0
0
0
0

