2
1
0
0
0
0
0
2
5
1
1
0
0
0
0
0
3
2
1
2
1
1
3
3
4
1
0
4
4
2
3
4
5
4
5
7
2
7
11
5
4
6
7
5
1
5
6
8
5
9
5
7
7
9
3
0
7
5
6
7
4
1
3
5
2
2
3
3
2
4
1
3
1
1
0
1
1
2
1
1
0
0
0
0
0
0
0
1
0
0
0
0
0
0
0
0
0
0
0
0
0
0
1
0
0
2
1
0
0
2
3
1
0
0
0
0
0
2
5
1
0
0
0
0
0
0
3
2
1
2
1
1
3
3
4
1
0
4
4
2
3
4
5
4
5
6
2
7
11
5
3
6
7
5
1
4
5
8
4
10
4
7
7
9
3
0
7
5
6
6
4
1
3
5
1
2
3
3
2
4
1
3
1
1
0
1
1
2
1
1
0
0
0
0
0
0
0
1
0
0
0
0
0
0
0
0
0
0
0
0
0
0
1
0
0
2
1
1
0
2
3
1
0
0
0
0
0
2
5
2
0
0
0
0
0
0
3
3
1
2
1
1
3
3
4
1
0
4
3
2
3
4
5
4
5
6
1
7
11
5
3
5
6
5
1
4
5
8
4
10
4
7
7
8
3
0
6
5
6
6
4
1
3
5
1
2
3
3
2
3
1
3
1
1
0
1
0
1
0
1
0
0
0
0
0
0
0
1
0
0
0
0

