0
0
1
0
0
1
0
0
1
2
1
1
2
1
2
2
1
2
3
0
2
3
1
0
3
2
0
2
4
3
3
4
1
2
2
3
0
7
4
6
6
5
4
1
7
5
3
6
6
5
3
5
7
5
7
4
7
4
6
8
4
3
2
1
3
2
5
0
0
3
3
8
2
0
0
0
1
0
2
0
0
1
0
0
0
0
0
0
0
0
0
0
0
0
0
0
0
0
0
0
0
0
5
2
2
1
1
0
1
1
0
1
1
0
0
1
0
0
1
2
1
1
1
1
2
1
1
2
3
0
2
3
1
0
3
2
0
2
4
3
3
4
2
2
2
3
0
8
4
5
6
4
4
1
7
5
3
6
6
5
2
5
6
5
7
4
7
4
6
8
3
3
2
2
3
2
5
0
0
3
3
8
2
0
0
0
1
0
2
0
0
1
0
0
0
0
0
0
0
0
0
0
0
0
0
0
0
0
0
0
0
0
7
2
2
1
1
0
1
1
0
1
2
0
0
1
0
0
1
3
1
1
1
1
2
1
1
2
3
0
2
3
1
0
3
2
0
2
4
3
3
4
2
1
2
3
1
8
4
5
5
3
4
1
7
5
2
6
6
5
2
5
6
4
6
4
7
4
6
8
3
2
2
2
3
2
5
0
0
3
3
8
2
0
0
0
1
0
2
0
0
1
0
0
0
0
0
0
0
0
0
0

