1
1
0
2
1
1
0
1
1
0
2
1
0
0
0
1
2
0
2
5
2
0
1
0
1
1
1
6
4
1
3
1
0
5
3
3
2
7
6
6
9
5
1
3
6
1
5
9
5
3
8
9
14
5
8
9
4
3
5
3
4
5
6
5
8
2
4
5
5
2
6
3
2
0
2
2
1
0
1
0
1
3
0
1
0
1
1
0
0
0
0
0
0
0
0
0
0
0
0
0
0
0
5
0
0
1
2
1
1
1
1
1
0
2
1
1
0
0
1
0
3
1
0
0
1
1
3
0
2
5
2
1
1
0
1
1
1
6
4
1
3
1
0
5
3
3
2
7
6
6
9
4
1
3
6
1
4
9
5
3
8
8
14
4
7
9
4
3
5
2
4
5
6
5
8
2
4
5
5
2
5
3
2
0
2
2
1
0
1
0
1
3
0
1
0
1
1
0
0
0
0
0
0
0
0
0
0
0
0
0
0
0
5
0
0
1
1
1
1
1
1
1
0
2
1
1
0
0
1
0
3
1
0
0
1
1
2
0
2
5
2
1
1
0
1
1
1
6
4
1
3
1
0
5
3
3
2
5
6
6
9
4
1
3
6
1
5
9
5
2
7
8
14
4
7
9
4
3
4
2
2
5
6
4
7
2
4
5
5
2
4
3
2
0
2
2
1
0
1
0
1
2
0
1
0
1
1
0
0
0
0
0

