0
2
0
0
0
0
1
1
1
1
1
0
1
0
0
0
1
2
1
3
0
2
1
2
0
3
2
5
5
1
2
3
4
3
2
4
3
2
7
3
3
2
3
7
2
4
3
6
7
6
4
5
11
10
7
11
6
2
1
7
5
5
6
6
6
5
5
2
5
1
1
3
2
1
2
1
2
1
2
0
1
1
0
0
0
1
0
0
0
1
0
0
0
0
0
0
0
0
0
0
0
0
3
0
0
0
1
1
0
1
0
2
0
0
0
0
1
1
1
1
1
0
1
0
0
0
1
2
1
2
0
2
1
2
0
3
2
4
5
1
2
3
4
2
2
4
3
2
7
3
3
2
3
6
3
4
3
6
8
6
4
5
10
10
6
11
6
2
1
6
5
5
5
6
6
5
5
2
5
1
1
2
2
1
2
1
2
1
1
0
1
1
0
0
0
1
0
0
0
1
0
0
0
0
0
0
0
0
0
0
0
0
4
0
0
0
1
1
0
1
0
2
0
0
0
0
1
1
1
1
1
0
1
0
0
0
1
2
1
2
0
2
1
2
0
3
2
4
4
1
2
3
4
2
2
4
3
2
7
1
3
2
3
6
3
4
3
6
7
5
4
5
10
9
6
11
6
2
1
6
4
5
5
6
6
5
5
2
5
1
1
3
1
1
2
1
2
1
0
0
1
1
0
0
0
1
0
0
0
1
0
0

