2
0
0
0
3
0
1
0
4
2
1
2
2
0
2
2
0
1
1
2
1
2
1
5
3
3
3
2
2
2
3
3
2
4
3
1
4
10
1
3
3
2
6
4
3
3
4
9
10
3
8
7
7
5
4
2
9
6
4
4
1
2
3
4
1
3
6
2
2
3
2
4
1
1
2
3
2
3
0
0
0
1
0
0
0
0
0
0
0
0
0
0
0
0
0
0
0
0
0
0
0
0
2
1
1
3
1
3
2
1
2
0
0
0
3
0
1
0
4
2
1
2
2
0
2
2
0
1
1
2
1
2
1
5
3
3
3
2
2
2
3
3
2
4
3
1
4
10
1
3
2
2
6
4
3
3
4
9
9
3
8
7
7
5
4
2
9
6
4
4
1
2
3
3
1
2
6
2
2
3
2
4
1
1
2
3
2
3
0
0
0
1
0
0
0
0
0
0
0
0
0
0
0
0
0
0
0
0
0
0
0
0
3
1
1
3
1
3
2
1
2
0
0
0
3
0
1
0
3
2
1
3
2
0
2
2
0
1
1
2
1
2
1
5
3
3
3
2
2
2
3
3
2
4
3
0
4
10
1
3
2
2
6
3
3
3
4
9
8
3
8
7
7
5
4
2
8
6
4
4
1
2
3
3
1
2
6
2
2
3
2
3
1
1
2
3
2
3
0
0
0
1
0
0
0
0
0
0
0
0
0
0

