1
1
1
1
0
0
0
0
1
0
2
0
2
0
1
1
1
4
0
5
1
1
2
3
1
0
2
3
1
1
2
3
7
4
2
1
2
0
5
5
9
7
2
4
5
3
6
9
12
5
2
3
4
10
6
4
8
6
6
5
2
9
0
3
2
3
3
5
1
3
1
1
2
1
2
1
2
0
1
0
0
2
0
0
0
0
0
0
0
0
0
0
0
0
0
0
0
0
0
0
0
0
5
0
0
1
2
0
1
2
1
1
1
1
0
0
0
0
1
0
2
0
2
0
1
1
1
4
0
5
1
1
2
3
1
0
2
3
0
1
2
3
7
4
2
1
1
0
4
5
9
7
2
4
5
3
5
9
12
5
2
3
4
10
6
4
8
5
6
4
2
9
0
3
1
4
3
4
1
3
1
0
2
1
2
1
2
0
1
0
0
2
0
0
0
0
0
0
0
0
0
0
0
0
0
0
0
0
0
0
0
0
5
0
0
1
3
0
1
3
0
1
1
1
0
0
0
0
1
0
2
0
2
1
1
1
1
4
0
5
1
1
2
3
1
0
2
3
0
1
2
3
5
4
2
1
1
0
4
5
9
7
2
4
5
2
5
9
11
5
2
3
4
8
6
2
8
5
6
4
2
9
0
3
1
4
3
4
1
3
1
0
2
1
2
1
2
0
1
0
0
2
0
0
0
0
0
0
0
0
0
0

