2
2
0
1
0
0
0
2
2
1
1
0
1
0
1
2
1
0
0
1
4
1
4
1
3
3
0
1
2
6
6
7
4
1
9
1
3
4
9
5
2
3
3
9
5
6
8
7
7
9
4
10
6
5
7
6
8
6
1
6
4
2
3
3
4
3
4
3
1
3
2
2
0
1
4
1
1
2
1
0
0
1
0
0
0
0
0
0
0
0
0
0
0
0
0
0
0
0
0
0
0
0
3
0
1
2
1
1
0
0
2
2
0
1
0
0
0
2
1
1
1
0
1
0
1
2
1
0
0
1
4
2
4
1
3
2
0
1
2
6
6
7
4
1
9
1
3
4
9
5
2
3
3
8
5
6
8
7
6
9
3
10
5
5
7
6
7
6
1
6
4
2
3
3
3
3
4
3
1
3
2
2
1
1
4
1
1
2
1
0
0
1
0
0
0
0
0
0
0
0
0
0
0
0
0
0
0
0
0
0
0
0
6
0
1
2
1
2
0
0
3
2
0
1
0
0
0
2
1
1
1
0
1
0
1
2
1
0
0
1
4
3
4
1
3
2
0
1
2
5
6
7
4
1
9
1
4
4
9
5
1
2
2
8
5
6
8
7
6
9
3
10
4
5
7
6
7
5
0
6
4
2
3
3
3
3
4
3
1
3
1
1
1
1
3
1
1
2
1
0
0
1
0
0
0
0
0
0
0
0
0
0

