0
3
0
0
0
0
0
1
0
5
1
3
1
0
0
0
1
1
2
1
2
1
3
0
3
5
1
5
2
6
1
3
3
6
3
2
4
6
3
9
5
3
1
1
2
3
3
5
11
6
12
6
5
9
11
5
9
6
2
2
4
2
1
4
9
2
3
1
3
1
4
2
4
1
2
0
0
1
2
0
0
0
1
1
1
0
1
1
1
0
0
0
0
0
0
0
0
0
0
0
0
0
4
2
0
1
1
1
1
2
0
3
1
0
0
0
0
1
0
5
1
3
1
0
0
0
1
1
2
1
2
1
3
0
3
4
1
5
2
6
1
3
3
6
3
2
4
6
3
8
5
3
1
1
2
3
3
5
10
6
12
6
5
9
11
5
8
6
2
2
4
2
1
3
9
1
3
1
3
1
4
2
4
1
2
0
0
0
2
0
0
0
1
1
1
0
1
1
1
0
0
0
0
0
0
0
0
0
0
0
0
0
4
2
0
1
1
1
1
2
0
3
1
0
0
0
0
1
0
5
1
3
2
0
0
0
1
1
2
1
2
1
3
0
3
4
1
5
2
6
1
3
3
6
3
2
4
6
2
8
5
3
1
1
2
3
3
5
8
6
11
4
5
10
11
4
8
6
2
2
4
2
0
2
9
2
3
1
3
0
4
2
4
1
2
0
0
0
2
0
0
0
1
1
1
0
1
1
1
0
0
0

