1
0
0
0
1
0
0
3
0
0
1
1
5
2
2
1
1
1
0
2
1
3
3
3
1
3
1
3
4
3
5
3
0
3
6
1
7
6
4
1
8
5
3
3
8
3
7
8
7
8
9
9
6
8
7
5
3
4
5
8
6
1
3
3
2
5
1
3
3
1
0
2
2
2
2
0
3
0
0
0
1
0
0
0
0
0
0
0
0
0
0
0
0
0
0
0
0
0
0
0
0
0
2
0
1
0
2
0
0
1
1
1
1
0
1
0
0
3
0
0
1
1
5
2
2
1
1
1
1
2
1
3
3
3
1
3
1
1
4
3
5
3
0
3
6
1
7
5
4
1
7
5
3
3
8
3
7
6
7
8
8
9
7
8
7
5
3
4
5
8
6
1
3
3
2
5
1
3
3
1
0
2
2
2
2
0
3
0
0
0
1
0
0
0
0
0
0
0
0
0
0
0
0
0
0
0
0
0
0
0
0
0
2
0
1
0
2
0
0
1
1
1
1
0
1
0
0
3
0
0
1
1
5
1
2
1
1
1
1
2
1
3
3
3
1
4
1
1
4
3
5
3
0
3
6
1
6
4
4
1
7
5
3
3
8
3
7
6
7
8
7
9
7
8
7
5
3
4
5
7
6
1
3
3
2
3
1
3
3
1
0
2
2
2
2
0
3
0
0
0
1
0
0
0
0
0
0
0
0
0
0
0

