1
1
1
1
0
1
1
1
3
0
1
1
2
2
1
0
2
1
0
1
4
0
0
1
0
1
2
5
3
2
5
3
3
1
4
5
6
5
5
2
8
4
6
6
6
4
5
7
2
3
2
12
4
7
4
3
7
4
5
4
3
5
2
4
4
6
5
2
4
3
6
1
4
1
0
2
1
1
2
0
0
1
0
1
0
0
1
0
0
0
0
0
0
0
0
0
0
0
0
0
0
0
2
1
0
1
2
0
0
2
1
0
1
1
0
1
1
1
3
0
2
1
2
2
1
0
2
1
0
1
4
0
0
1
0
1
2
6
3
2
5
3
3
0
4
6
6
5
5
2
8
4
6
6
7
4
5
6
2
3
2
12
4
7
4
3
7
4
5
4
3
5
2
4
4
6
5
2
4
3
6
1
4
1
0
2
1
1
1
0
0
1
0
1
0
0
1
0
0
0
0
0
0
0
0
0
0
0
0
0
0
0
1
1
0
1
2
0
0
2
1
0
1
1
0
1
1
1
3
0
3
1
2
2
1
0
2
1
0
1
5
0
0
1
0
1
3
6
3
2
5
3
3
0
4
6
5
5
5
2
8
4
6
5
7
3
5
5
2
3
2
12
5
7
4
3
7
4
5
3
3
5
2
4
5
6
5
2
4
3
6
1
4
1
0
2
1
1
1
0
0
1
0
1
0
0
1
0
0
0
0
0

