1
0
2
0
0
1
1
0
0
1
0
0
0
0
0
0
1
1
0
2
3
4
2
3
2
4
0
1
6
4
3
3
2
4
2
1
0
5
6
3
6
7
7
6
10
5
3
7
7
4
10
5
3
7
8
12
6
6
6
6
6
7
2
4
5
1
5
2
1
3
2
5
2
2
2
1
1
1
0
0
2
1
0
0
0
0
0
0
0
0
0
0
0
0
0
0
0
0
0
0
0
0
1
0
1
1
1
1
0
2
1
0
2
0
0
1
2
0
0
1
0
0
0
0
0
0
0
1
0
2
3
4
2
3
2
4
0
1
4
4
3
2
2
4
2
1
0
5
6
3
6
7
7
6
9
5
3
6
7
3
10
4
3
6
8
11
6
5
6
6
6
7
2
4
5
1
5
2
1
4
2
5
1
2
2
1
0
1
0
0
2
1
0
0
0
0
0
0
0
0
0
0
0
0
0
0
0
0
0
0
0
0
1
0
1
1
2
1
0
3
2
0
2
0
0
1
2
0
0
1
0
0
0
0
0
0
0
1
0
2
3
4
2
3
2
4
0
1
4
4
3
2
2
4
2
1
0
5
5
3
6
7
6
6
7
5
3
6
6
2
9
4
2
5
8
11
6
5
6
6
6
7
2
4
5
1
5
2
1
4
2
5
1
2
2
1
0
1
0
0
2
1
0
0
0
0
0
0
0
0
0
0

