0
2
1
0
0
1
1
2
1
1
3
0
0
0
3
2
2
1
1
3
4
2
1
1
2
1
2
6
4
3
4
2
1
2
5
6
3
6
6
8
9
5
6
2
1
4
7
12
12
5
7
6
7
4
5
5
7
3
6
0
9
4
8
4
1
6
1
1
2
6
2
0
0
1
0
3
2
0
0
0
2
0
0
0
0
1
2
1
0
0
0
0
0
0
0
0
0
0
0
0
0
0
5
0
3
0
1
1
0
1
0
2
1
0
0
1
1
1
1
0
2
0
1
0
4
2
2
1
1
3
4
2
1
1
2
1
2
5
4
3
4
1
1
2
5
6
3
6
6
8
8
5
6
2
1
4
7
10
10
5
7
6
7
4
4
5
7
3
6
0
9
3
7
4
1
6
1
1
2
6
2
0
0
1
0
3
2
0
0
0
2
0
0
0
0
1
2
1
0
0
0
0
0
0
0
0
0
0
0
0
0
0
5
0
2
0
1
1
0
1
0
2
1
0
0
1
1
1
2
0
3
0
1
1
4
2
1
1
2
3
4
1
1
1
2
1
2
5
3
3
4
1
1
2
4
6
3
6
6
8
8
5
6
1
1
4
7
9
10
5
7
6
7
4
4
6
7
3
6
0
9
2
7
4
0
6
1
1
1
6
2
0
0
1
0
3
2
0
0
0
2
0
0
0
0
1
2
1
0
0
0
0

