0
2
2
1
0
1
0
0
0
2
1
0
0
0
1
2
2
1
2
2
3
2
4
2
3
2
4
3
5
2
7
3
3
4
6
3
2
3
1
2
6
8
4
9
5
4
5
6
4
12
7
7
9
4
7
4
4
7
3
1
6
3
2
3
0
4
0
3
2
0
3
2
1
1
0
4
3
1
0
0
0
0
0
0
0
0
0
0
0
0
0
0
0
0
0
0
0
0
0
0
0
0
3
0
1
2
0
1
0
1
0
2
2
1
0
1
0
0
0
2
1
0
0
0
1
2
1
2
2
2
3
2
3
2
3
1
3
3
5
2
7
4
3
4
5
3
2
3
1
2
5
7
4
8
5
4
5
6
4
12
6
7
9
4
6
4
4
7
3
1
6
3
2
3
0
3
0
2
2
0
2
2
1
1
0
3
3
1
0
0
0
0
0
0
0
0
0
0
0
0
0
0
0
0
0
0
0
0
0
0
0
0
3
0
1
2
0
1
0
1
0
2
2
1
0
1
0
0
0
2
1
0
0
0
2
2
1
2
2
2
3
2
3
2
3
1
3
3
4
4
7
4
3
4
5
3
2
3
1
2
5
7
4
8
5
5
5
6
4
12
6
7
9
4
5
4
4
7
4
1
6
3
2
3
0
3
0
2
2
0
2
1
1
1
0
3
3
1
0
0
0
0
0
0
0
0
0
0
0
0
0
0

