0
1
0
1
0
0
0
0
0
1
1
1
1
0
0
1
2
1
2
3
3
1
3
1
0
2
1
5
3
4
3
3
3
8
2
3
2
3
3
4
1
5
9
4
4
6
4
6
5
4
8
7
5
12
6
9
7
6
3
10
4
1
5
4
2
3
2
2
1
0
1
1
1
5
1
0
2
2
3
1
0
2
0
0
0
1
0
0
0
1
0
0
0
0
0
0
0
0
0
0
0
0
2
0
1
0
1
2
1
2
0
1
0
1
0
0
0
0
0
1
1
1
1
0
0
1
2
1
2
3
3
1
3
1
1
2
1
5
3
4
3
3
3
8
1
3
2
3
3
4
1
5
9
4
4
6
4
6
5
4
8
8
5
11
6
8
7
5
3
10
4
1
5
4
2
3
2
2
1
1
1
1
1
5
1
0
2
2
3
1
0
2
0
0
0
1
0
0
0
1
0
0
0
0
0
0
0
0
0
0
0
0
4
0
1
0
1
2
2
3
0
1
0
1
0
0
0
0
0
1
1
1
1
0
0
0
2
1
2
3
3
1
3
1
1
1
1
5
3
4
3
3
3
8
1
3
2
2
3
4
1
5
9
4
4
6
3
6
6
4
8
6
5
11
6
8
7
5
3
10
4
2
4
4
2
3
2
1
1
1
1
1
1
5
1
0
2
2
3
1
1
2
0
0
0
1
0
0
0
1
0
0

