0
0
2
1
1
0
1
0
1
1
2
1
3
2
2
1
0
1
0
0
3
1
0
0
0
3
4
3
0
2
2
4
4
5
6
4
4
4
5
8
3
5
4
5
1
6
10
3
6
5
6
12
1
5
6
2
6
5
1
2
8
10
2
3
4
3
5
0
2
4
2
5
2
3
4
0
2
0
0
1
0
3
0
0
0
0
0
0
0
0
0
0
0
0
0
0
0
0
0
0
0
0
4
2
1
1
2
2
2
0
0
0
2
1
1
1
1
0
1
1
2
1
3
2
2
1
0
1
0
0
3
2
0
0
0
3
4
3
0
2
2
4
4
5
5
4
4
4
5
8
3
4
4
4
1
6
10
3
6
5
5
10
1
5
6
1
5
5
1
2
8
10
2
3
4
3
5
0
2
4
2
5
1
3
4
0
2
0
0
1
0
3
0
0
0
0
0
0
0
0
0
0
0
0
0
0
0
0
0
0
0
0
5
2
1
1
2
2
2
0
0
0
2
1
1
1
1
0
1
1
2
1
3
2
2
1
0
1
0
0
3
2
0
0
0
3
4
4
0
1
2
4
4
5
5
4
4
4
5
8
2
4
4
4
0
6
10
3
5
5
6
10
1
4
6
2
5
5
2
2
8
10
2
3
4
3
5
0
2
5
2
5
1
3
4
0
2
0
0
1
0
2
0
0
0
0
0
0
0
0
0
0

