2
0
0
1
0
0
1
0
0
1
2
1
1
0
0
1
0
2
1
1
1
0
3
2
3
1
1
1
3
3
3
4
0
2
3
2
1
7
4
5
3
4
2
2
4
8
4
5
5
6
7
4
7
10
3
1
6
5
4
4
5
5
5
3
7
2
5
2
3
0
0
1
0
2
3
2
3
0
0
0
1
0
0
0
1
0
0
0
0
0
0
0
0
0
0
0
0
0
0
0
0
0
4
0
1
0
0
0
3
3
2
0
0
1
0
0
1
0
0
1
1
1
2
0
0
1
0
2
1
1
1
0
3
2
3
1
1
1
3
3
3
4
0
2
3
2
1
7
4
5
3
4
2
2
3
7
4
5
5
6
7
3
7
9
3
1
6
4
4
4
6
5
5
2
7
2
5
1
3
0
0
1
0
2
3
2
3
0
0
0
1
0
0
0
1
0
0
0
0
0
0
0
0
0
0
0
0
0
0
0
0
0
4
0
1
0
0
0
3
3
2
0
0
1
0
0
1
0
0
1
1
1
2
0
0
1
0
2
1
1
1
0
3
2
3
1
1
1
3
3
2
4
0
2
3
2
1
7
4
5
3
4
2
2
3
6
4
5
5
6
7
3
8
9
3
1
6
4
4
4
5
5
5
2
7
2
4
1
3
0
0
1
0
2
3
2
3
0
0
0
1
0
0
0
1
0
0
0
0
0
0
0

