0
1
0
0
0
0
1
1
2
0
3
3
1
2
1
1
0
2
1
4
0
1
0
0
0
1
2
3
5
2
5
4
3
5
7
4
3
6
6
4
4
5
3
2
3
3
6
6
7
10
8
2
5
13
3
7
4
4
6
3
5
2
6
3
3
3
5
2
0
1
0
1
3
1
1
1
1
2
2
0
0
2
0
0
0
0
1
0
1
0
0
0
0
0
0
0
0
0
0
0
0
0
3
0
0
0
0
1
2
2
0
1
0
0
2
0
1
1
2
0
3
4
1
2
1
1
0
2
1
4
0
1
0
0
0
1
2
3
5
2
5
4
2
5
7
4
3
6
6
4
4
5
3
2
3
3
6
6
7
10
8
2
5
12
3
7
4
5
6
3
4
2
6
3
3
3
5
2
0
2
0
1
3
1
1
0
1
2
2
0
0
2
0
0
0
0
1
0
1
0
0
0
0
0
0
0
0
0
0
0
0
0
4
0
0
0
1
1
2
2
0
1
0
0
2
0
1
1
2
0
3
4
1
2
1
1
0
2
1
4
0
1
0
0
0
1
2
3
5
2
5
4
2
5
7
4
3
4
6
4
4
5
3
2
2
3
6
6
6
10
8
2
5
11
3
8
3
5
6
2
4
1
6
3
3
3
5
2
0
2
1
1
2
1
1
0
1
2
2
0
0
2
0
0
0
0
1
0
1
0
0
0

