1
1
0
2
0
0
0
0
0
0
1
1
2
1
1
1
0
0
2
1
0
3
1
0
0
1
1
5
6
6
1
3
1
3
5
1
2
4
4
4
6
4
3
2
5
4
2
8
7
6
7
6
12
3
6
4
8
6
4
5
5
3
6
5
11
2
1
0
4
3
0
4
2
2
0
2
0
0
0
0
0
1
0
1
0
0
0
0
0
0
0
0
0
0
0
0
0
0
0
0
0
0
2
1
2
0
1
3
1
0
1
1
0
2
0
0
1
0
0
1
1
1
3
1
1
1
0
0
2
1
0
3
1
0
0
1
1
5
6
6
1
3
1
3
5
1
2
4
4
4
6
4
3
2
5
4
2
8
6
6
7
6
12
3
6
4
7
5
4
5
5
3
6
4
11
2
1
0
4
3
0
3
2
2
0
2
0
0
0
0
0
1
0
1
0
0
0
0
0
0
0
0
0
0
0
0
0
0
0
0
0
0
2
1
2
0
1
3
1
0
1
1
0
3
0
0
1
0
0
1
1
1
2
1
1
1
0
0
2
1
0
3
1
0
0
1
1
5
6
6
1
3
1
3
5
1
2
4
4
4
6
4
3
1
5
4
2
7
6
5
6
5
12
3
6
4
7
5
3
5
4
3
6
4
11
2
1
0
4
3
0
3
2
2
0
2
0
0
0
0
0
1
0
1
0
0
0
0
0
0
0
0

