0
2
0
1
1
1
0
2
1
1
1
1
0
0
1
1
2
3
0
1
2
2
3
2
1
2
1
8
4
2
1
1
5
3
1
3
1
4
8
7
2
6
4
7
3
7
2
6
13
9
4
6
2
3
7
6
9
7
6
8
6
4
1
5
3
1
6
5
1
2
4
1
0
0
1
1
3
0
1
0
2
0
0
1
0
0
0
1
0
0
0
0
0
0
0
0
0
0
0
0
0
0
2
1
1
2
2
2
1
2
0
2
0
1
1
1
0
2
1
1
1
1
0
0
1
1
2
3
0
1
2
2
3
2
1
2
1
7
4
2
1
1
5
4
1
3
1
4
8
6
2
6
3
7
3
7
2
6
12
9
4
6
2
3
8
6
9
7
6
8
6
4
1
5
2
1
6
5
1
2
4
1
0
0
1
1
2
0
1
0
2
0
0
1
0
0
0
1
0
0
0
0
0
0
0
0
0
0
0
0
0
0
3
1
1
2
1
2
1
2
0
2
0
1
1
0
0
2
1
1
1
1
0
0
1
1
2
3
0
1
2
2
3
2
1
2
1
6
4
2
1
1
5
4
1
3
1
4
8
6
2
6
3
7
4
7
0
6
13
6
3
6
2
4
8
6
10
7
6
8
6
3
1
4
2
1
6
5
1
2
4
1
0
0
1
1
2
0
1
0
2
0
0
1
0
0
0
1
0
0
0
0

