1
0
2
0
0
2
0
1
1
2
0
0
0
0
1
0
0
1
1
3
1
3
1
1
1
2
1
1
6
2
2
1
3
3
2
8
2
12
3
5
6
6
4
8
6
5
6
8
5
3
10
3
1
6
4
8
3
1
8
3
4
6
3
5
1
2
3
4
2
2
1
1
1
1
1
0
1
0
0
0
0
0
0
1
0
0
0
0
0
0
0
0
0
0
0
0
0
0
0
0
0
0
1
0
1
0
1
1
3
1
1
0
2
0
1
2
0
1
1
2
0
0
1
0
1
0
0
1
1
3
1
3
1
1
1
2
1
1
6
2
2
2
3
2
2
10
2
11
3
5
5
6
4
8
6
5
6
7
6
4
9
3
1
6
3
8
4
1
8
3
4
7
3
5
1
2
3
4
3
2
1
1
1
1
1
0
1
0
0
0
0
0
0
1
0
0
0
0
0
0
0
0
0
0
0
0
0
0
0
0
0
0
1
0
1
0
1
1
3
1
1
1
2
0
2
2
0
1
1
2
0
0
1
0
1
0
0
1
1
3
1
2
1
1
1
1
1
1
6
2
2
2
3
2
2
10
3
8
2
5
5
6
4
7
5
5
6
7
5
4
8
3
1
6
2
8
4
1
7
3
4
7
3
5
1
2
4
4
3
1
1
1
1
1
1
0
1
0
0
0
0
0
0
1
0
0
0
0
0
0
0
0

