0
0
1
2
1
0
0
1
0
0
2
1
0
1
1
2
0
2
3
0
3
2
2
0
2
1
5
3
3
2
4
1
1
4
2
5
3
4
8
6
5
1
5
5
2
5
3
7
5
8
6
6
7
6
6
7
8
6
2
3
4
5
1
4
5
3
3
3
2
2
2
1
2
5
2
1
2
1
1
0
0
1
0
0
0
2
1
0
0
0
0
0
0
0
0
0
0
0
0
0
0
0
4
1
1
1
0
0
2
0
0
0
1
1
1
0
0
1
0
0
2
1
0
1
1
2
0
2
3
0
3
2
2
0
2
1
5
3
3
2
4
1
1
4
3
5
3
3
7
6
5
1
5
4
2
4
2
6
5
8
6
6
7
6
6
7
7
6
2
3
4
5
1
4
5
3
3
3
2
2
2
1
2
4
2
1
2
1
1
0
0
1
0
0
0
2
1
0
0
0
0
0
0
0
0
0
0
0
0
0
0
0
7
1
1
1
0
0
2
0
0
0
1
2
1
1
0
1
0
0
1
1
0
1
1
2
0
2
3
0
3
2
2
0
2
2
4
3
3
2
4
1
1
4
3
5
3
3
7
5
5
1
5
4
2
4
2
6
4
8
6
6
7
5
6
7
7
6
2
3
4
4
1
4
5
3
2
4
2
2
2
1
2
4
2
1
2
1
1
0
0
1
0
0
0
2
1
0
0
0
0
0

