1
2
1
0
2
2
0
2
1
0
1
1
1
0
2
2
0
1
1
1
0
1
0
0
0
4
1
5
4
4
4
8
2
1
5
3
5
2
6
7
6
7
6
4
3
4
2
8
8
8
7
7
6
11
7
3
2
2
2
6
7
3
5
3
5
2
5
2
1
4
2
1
0
1
1
5
0
1
0
0
0
1
1
0
1
0
0
0
0
0
0
0
0
0
0
0
0
0
0
0
0
0
3
0
0
0
1
0
2
0
1
2
1
0
2
2
0
2
1
1
1
1
1
0
2
3
0
1
1
1
1
1
0
0
0
4
1
6
4
4
4
8
2
1
5
3
5
2
6
7
6
7
6
4
3
4
2
8
7
8
7
7
5
11
7
3
2
2
2
5
7
3
5
3
5
2
5
2
1
4
1
1
0
1
1
5
0
1
0
0
0
1
1
0
1
0
0
0
0
0
0
0
0
0
0
0
0
0
0
0
0
0
3
0
0
0
1
0
2
0
1
3
1
0
2
2
0
3
1
1
1
1
1
0
2
3
0
1
1
1
1
1
0
0
0
3
1
6
4
3
4
7
2
1
5
3
5
2
6
7
6
6
5
4
3
4
2
8
7
8
7
7
5
11
6
4
2
2
2
5
6
3
5
3
5
2
5
2
1
4
1
1
1
1
0
5
0
1
0
0
0
1
1
0
1
0
0
0
0
0
0
0

