0
1
1
1
0
2
0
2
0
2
1
0
1
1
0
2
0
0
1
3
2
1
0
0
1
3
0
4
4
3
1
1
7
1
2
1
1
5
4
8
4
5
5
5
7
5
6
6
4
11
11
9
5
8
6
2
7
3
5
4
6
8
3
2
1
2
7
3
2
3
2
1
2
1
0
1
1
0
1
1
1
1
0
1
0
2
0
0
0
1
0
0
0
0
0
0
0
0
0
0
0
0
5
3
0
0
2
1
2
0
0
1
2
1
0
2
0
2
0
2
1
0
1
1
0
2
0
0
1
3
2
1
0
0
1
3
0
4
4
3
1
1
7
1
2
1
1
5
4
8
4
5
5
5
7
5
6
6
4
11
10
10
5
8
6
2
7
3
5
4
6
8
4
2
1
2
7
3
2
3
2
1
2
1
0
1
1
0
1
1
1
1
0
1
0
2
0
0
0
1
0
0
0
0
0
0
0
0
0
0
0
0
5
2
0
0
2
1
2
0
0
1
2
1
0
2
0
2
0
2
1
0
1
1
0
2
0
0
1
2
2
1
0
0
1
3
0
4
3
3
1
1
7
1
2
1
1
5
4
8
4
5
5
5
7
5
6
5
4
11
9
10
5
7
6
2
7
3
5
4
6
7
4
2
1
2
7
2
2
3
2
1
2
1
0
1
1
0
1
1
1
1
0
1
0
2
0
0
0
1
0
0

