1
0
2
4
1
0
0
3
3
2
2
0
1
0
1
2
0
2
2
1
2
3
2
2
2
2
0
2
7
7
3
4
5
3
3
3
4
1
5
3
5
6
3
2
2
1
6
11
2
9
3
10
5
1
11
5
3
6
7
5
6
5
3
5
4
1
7
2
4
3
2
3
0
1
3
1
2
4
2
1
0
0
1
0
0
1
0
0
0
1
0
0
0
0
0
0
0
0
0
0
0
0
3
1
1
1
0
1
1
0
1
0
2
4
1
0
0
3
3
2
2
0
1
0
1
2
0
2
2
1
2
2
2
3
2
2
0
2
7
7
3
3
5
4
3
3
4
1
5
3
3
5
3
2
2
1
6
11
2
10
3
9
5
1
11
6
3
5
7
5
5
5
3
5
4
1
7
2
4
3
2
6
1
1
3
1
2
4
2
1
0
0
1
0
0
1
0
0
0
1
0
0
0
0
0
0
0
0
0
0
0
0
4
1
1
1
0
2
1
0
1
0
2
4
1
0
0
2
3
2
2
0
1
0
1
2
0
2
2
1
2
2
2
3
2
2
0
2
7
7
3
3
5
4
3
3
5
1
5
3
3
5
3
2
2
1
6
11
2
9
3
8
4
0
11
6
3
4
7
5
5
4
3
5
4
1
6
2
4
2
2
6
1
1
3
1
2
4
2
1
0
0
1
0
0
1
0
0
0
1
0
0

