0
1
0
1
1
1
0
1
2
1
1
1
0
0
0
1
1
4
2
2
1
1
1
1
0
1
2
0
1
5
4
4
2
4
6
1
6
4
3
7
3
7
3
8
2
4
5
6
1
6
9
10
3
6
3
5
5
6
5
4
3
2
3
2
5
4
3
2
4
2
3
1
0
4
0
3
2
0
0
1
2
1
0
1
1
0
1
0
0
1
0
0
0
0
0
0
0
0
0
0
0
0
4
0
0
0
1
2
0
2
0
1
0
1
0
1
0
1
2
1
1
1
0
0
0
1
2
3
2
2
1
1
1
1
0
1
2
0
1
5
4
4
2
4
6
1
6
4
3
6
3
7
3
8
2
3
5
5
1
6
8
10
3
4
3
5
5
6
5
4
3
2
3
2
5
4
3
2
2
2
3
1
0
3
0
3
2
0
0
1
2
0
0
0
1
0
1
0
0
1
0
0
0
0
0
0
0
0
0
0
0
0
4
0
0
0
1
2
0
2
0
1
0
1
0
1
0
1
2
0
1
1
0
0
0
1
2
3
2
2
1
1
1
1
0
1
2
0
1
5
4
4
2
4
6
1
6
4
3
6
3
7
3
6
2
3
5
5
1
5
8
10
3
4
3
5
5
5
5
4
3
2
3
1
5
4
3
2
2
2
2
1
0
3
0
3
1
0
0
1
2
0
0
0
0
0
1
0
0
1
0
0

