1
0
2
0
1
1
2
0
1
0
2
1
1
0
2
0
0
3
4
4
3
0
1
6
0
4
1
3
6
11
1
4
6
2
5
3
6
5
4
3
4
3
5
2
6
4
4
7
8
7
4
8
4
8
2
3
5
8
5
6
7
2
4
3
8
7
6
1
0
1
3
1
4
2
1
2
2
0
1
0
0
1
0
1
0
0
1
0
0
0
0
0
0
0
0
0
0
0
0
0
0
0
4
1
2
0
2
0
3
2
1
0
2
0
1
1
2
0
1
0
3
1
1
0
2
0
0
3
4
4
3
0
1
6
0
4
1
3
6
11
1
5
6
2
5
3
6
4
4
3
4
1
5
2
6
4
4
7
8
7
4
8
4
8
2
3
5
8
5
5
7
2
5
2
7
7
5
1
0
1
3
1
4
2
1
2
0
0
0
0
0
1
0
1
0
0
1
0
0
0
0
0
0
0
0
0
0
0
0
0
0
0
4
1
3
0
2
0
3
2
1
0
2
0
1
2
3
0
1
0
4
1
1
0
2
0
0
3
4
3
3
0
1
6
0
4
1
3
5
11
1
4
6
2
4
3
6
4
4
3
5
1
5
2
6
4
4
6
8
7
4
8
4
8
2
4
5
7
4
5
8
2
6
2
7
7
5
1
0
1
3
1
4
2
1
2
0
0
0
0
0
1
0
1
0
0
1
0
0
0
0
0

