1
1
4
0
1
0
0
0
0
2
4
1
1
1
1
1
1
0
3
3
1
3
4
4
2
0
1
3
2
4
4
3
1
3
3
5
5
10
3
4
7
4
3
5
4
4
6
7
3
4
6
11
9
7
4
4
3
4
2
3
4
8
3
2
2
5
3
2
4
4
2
1
1
0
2
2
1
2
1
2
0
1
0
0
0
0
0
0
0
1
0
0
0
0
0
0
0
0
0
0
0
0
3
2
0
2
0
0
0
0
1
1
4
1
1
0
0
0
0
2
4
1
1
1
1
1
1
0
3
3
1
3
3
4
2
0
1
3
2
4
4
3
1
2
3
5
4
9
3
4
7
4
3
6
4
4
6
7
3
5
6
11
9
7
4
4
3
4
3
3
4
8
2
2
2
5
3
2
4
4
2
1
1
0
1
2
0
2
1
2
0
1
0
0
0
0
0
0
0
1
0
0
0
0
0
0
0
0
0
0
0
0
3
2
0
2
0
0
0
0
1
1
4
1
1
0
0
0
0
2
4
1
1
1
1
1
1
0
3
3
1
3
4
4
2
0
1
2
2
4
4
3
1
2
3
5
4
9
2
4
7
4
3
6
3
4
6
7
3
5
6
10
9
7
3
4
3
4
3
3
4
7
2
2
2
5
3
2
3
4
2
0
1
0
1
2
0
2
1
2
0
1
0
0
0
0
0
0
0
1
0
0

