0
0
1
0
0
0
0
1
1
3
1
2
1
1
1
0
2
6
2
3
1
2
2
2
1
4
2
2
3
3
3
5
3
2
7
2
3
6
4
7
5
5
6
1
3
9
5
7
4
6
5
4
8
6
4
8
6
8
8
6
4
5
3
2
4
3
1
2
4
3
2
3
1
0
1
4
0
2
1
1
2
0
1
1
1
0
1
0
0
0
0
0
0
0
0
0
0
0
0
0
0
0
0
1
1
1
1
2
0
3
0
1
1
0
0
0
0
1
1
2
1
2
1
1
1
0
2
6
2
3
1
2
1
2
0
4
2
2
3
3
3
5
3
2
6
2
3
6
3
7
4
5
6
1
3
9
5
7
4
6
5
4
6
5
4
8
5
8
8
5
4
4
3
2
3
3
1
2
4
3
2
3
1
0
1
4
0
2
1
1
2
0
1
1
1
0
1
0
0
0
0
0
0
0
0
0
0
0
0
0
0
0
0
2
2
1
1
2
0
3
0
1
1
0
0
0
1
1
1
2
1
2
1
1
2
0
2
6
2
3
1
2
1
2
0
4
2
2
3
3
3
5
3
2
6
2
3
6
3
7
4
5
6
1
3
9
4
7
4
6
5
4
5
5
4
8
4
8
8
5
4
4
3
2
3
3
1
2
4
3
2
3
1
0
1
4
0
1
2
1
2
0
1
1
1
0
1
0
0
0
0
0

