0
1
1
0
0
0
2
0
2
0
0
0
2
1
1
1
1
6
2
3
2
1
2
1
1
2
0
2
5
7
1
3
2
4
2
0
4
6
3
6
5
2
2
3
2
9
8
7
8
9
6
8
2
5
9
7
5
3
6
7
4
6
2
2
2
3
3
6
5
1
4
2
0
2
1
2
2
0
0
1
1
2
0
0
1
0
0
0
0
0
0
0
0
0
0
0
0
0
0
0
0
0
1
0
0
0
1
1
1
2
0
1
1
0
0
0
2
0
2
1
0
0
2
1
1
1
0
6
2
3
2
1
2
1
1
3
0
2
5
6
1
3
2
4
2
0
4
6
3
5
5
2
2
3
2
9
7
7
7
9
6
8
2
4
9
8
5
3
5
7
3
6
2
2
2
3
3
6
4
1
4
2
0
2
1
2
2
0
0
1
1
2
0
0
1
0
0
0
0
0
0
0
0
0
0
0
0
0
0
0
0
0
1
0
0
0
1
1
1
2
0
1
1
0
2
0
2
0
2
1
0
0
2
1
1
1
0
6
2
3
2
1
1
1
1
3
0
2
5
6
1
3
2
4
2
0
4
7
3
5
5
2
2
3
2
9
7
7
7
9
6
8
2
3
9
8
5
3
5
6
3
6
2
2
2
3
3
6
3
1
4
2
0
2
1
2
3
0
0
1
1
2
0
0
1
0
0
0
0
0
0
0

