2
1
0
1
0
1
0
1
0
0
0
2
0
3
4
1
1
1
0
2
3
1
3
2
1
1
1
8
3
3
3
6
7
5
2
3
4
5
6
5
8
4
1
2
3
5
11
3
7
11
8
7
4
4
9
4
3
6
6
3
7
4
2
3
3
4
4
3
1
2
2
1
3
2
1
0
1
2
0
1
0
0
0
0
1
0
0
0
0
0
0
0
0
0
0
0
0
0
0
0
0
0
4
0
0
0
0
0
1
1
2
1
0
2
0
1
0
1
0
0
0
1
0
3
4
1
0
1
0
2
2
1
3
3
1
1
1
6
3
3
3
6
7
5
2
3
4
5
6
5
8
4
1
2
3
4
11
3
7
11
8
7
2
3
9
4
3
6
6
3
8
4
2
3
3
4
4
3
1
2
2
1
3
2
1
0
1
2
0
1
0
0
0
0
1
0
0
0
0
0
0
0
0
0
0
0
0
0
0
0
0
0
4
0
0
0
0
0
1
1
2
1
0
2
0
1
0
1
0
0
0
1
0
2
4
1
0
1
0
2
2
1
3
3
2
1
1
5
3
3
2
6
6
5
2
3
4
5
6
5
8
4
1
2
3
4
11
3
7
11
8
7
1
3
10
4
3
6
6
3
7
4
2
3
3
3
4
4
1
2
2
1
4
2
1
0
1
2
0
0
0
0
0
0
1
0
0
0
0
0
0
0

