2
1
2
0
0
1
0
0
1
0
1
1
0
1
1
0
0
2
2
0
0
0
1
1
1
1
1
0
5
1
3
5
2
6
2
7
5
7
3
7
5
3
5
5
2
8
1
7
5
13
5
11
5
5
7
6
3
7
8
2
3
6
2
5
8
5
1
2
1
1
3
2
3
0
1
1
1
1
1
0
1
1
0
0
1
1
0
1
0
0
0
0
0
0
0
0
0
0
0
0
0
0
1
1
0
1
1
0
2
3
2
2
2
0
0
1
0
0
1
0
1
1
0
1
1
0
0
1
2
0
0
0
1
1
1
1
1
0
5
1
2
5
2
5
2
6
5
7
3
7
5
3
5
5
2
8
1
6
5
12
5
9
4
5
7
6
3
7
8
2
4
5
2
5
8
4
1
2
1
1
3
2
3
0
1
1
1
1
1
0
1
1
0
0
1
1
0
1
0
0
0
0
0
0
0
0
0
0
0
0
0
0
2
1
0
1
2
0
2
3
2
2
3
0
0
1
0
0
0
0
1
1
0
1
1
0
0
1
2
0
0
0
1
1
1
1
1
0
5
1
2
5
2
5
2
6
4
7
4
7
5
3
5
5
2
8
1
6
4
12
5
8
4
5
7
6
3
6
8
2
3
5
2
5
8
4
1
2
1
1
2
2
3
0
1
1
1
1
1
0
1
1
0
0
1
1
0
1
0
0
0
0

