1
1
3
1
2
0
0
2
1
1
3
0
0
1
0
2
0
1
2
2
2
1
2
2
2
1
3
5
2
7
6
3
4
3
3
8
3
7
3
7
4
5
5
3
6
2
2
8
4
5
3
6
11
3
10
8
8
1
6
7
0
5
6
3
2
5
3
1
1
6
4
0
3
3
0
0
2
0
0
3
2
0
0
0
0
0
0
0
0
0
0
0
0
0
0
0
0
0
0
0
0
0
7
1
2
2
0
2
1
0
1
1
1
1
2
0
0
3
1
1
3
1
1
1
0
2
0
1
2
2
2
1
2
2
2
2
3
5
2
7
6
3
4
3
3
8
3
6
3
7
4
5
5
3
6
2
2
8
3
4
3
6
11
3
10
8
8
2
6
7
0
5
5
3
2
5
3
1
1
6
4
0
3
3
1
0
1
0
0
3
2
0
0
0
0
0
0
0
0
0
0
0
0
0
0
0
0
0
0
0
0
0
7
1
2
2
0
2
1
0
1
0
1
1
1
0
0
2
1
1
3
1
1
1
0
2
0
1
2
2
2
1
2
3
2
2
3
5
1
7
5
3
4
3
2
8
3
6
3
7
4
5
5
3
6
2
2
9
3
4
3
6
11
3
10
8
8
2
6
7
1
6
5
3
1
4
3
1
1
6
4
0
2
2
1
0
1
0
0
3
2
0
0
0
0
0
0
0
0
0
0
0

