0
0
0
0
1
2
2
0
1
0
3
1
0
0
1
1
0
0
3
1
2
3
4
1
0
2
1
3
5
3
1
1
3
3
5
3
3
2
6
4
3
8
3
4
2
10
4
8
8
1
10
3
3
6
5
7
6
3
8
5
3
3
3
1
1
4
2
4
3
3
1
6
2
0
0
3
3
1
0
1
0
0
0
0
0
0
1
0
0
0
0
0
0
0
0
0
0
0
0
0
0
0
9
2
0
1
0
1
0
0
0
0
0
0
1
2
2
0
1
0
3
1
0
0
1
1
0
0
3
1
2
3
4
1
0
2
1
3
5
3
1
1
3
3
4
3
3
2
6
4
3
8
3
4
2
10
4
8
8
1
9
3
4
6
5
7
6
3
7
5
3
3
3
1
1
4
2
4
3
3
1
6
2
0
0
3
3
1
0
1
0
0
0
0
0
0
1
0
0
0
0
0
0
0
0
0
0
0
0
0
0
0
10
2
0
1
0
2
0
0
0
0
0
0
2
2
2
1
1
0
3
1
0
0
1
1
0
1
3
1
2
3
4
1
0
2
2
2
5
3
1
1
2
3
4
2
3
2
6
4
3
7
3
4
2
10
4
8
8
0
9
3
4
5
5
6
6
3
7
5
3
3
3
1
1
4
2
4
3
3
1
6
2
0
0
3
3
1
0
1
0
0
0
0
0
0
1
0
0
0
0
0

