0
2
0
3
0
0
1
1
1
1
0
2
1
1
1
0
4
1
1
1
3
4
1
2
2
1
1
1
2
2
3
4
4
2
0
3
2
5
3
2
6
7
6
4
4
6
8
5
4
6
6
4
3
10
10
7
10
3
7
8
9
3
3
2
3
4
4
6
1
3
1
1
0
2
1
0
2
1
0
1
0
0
0
0
0
0
1
0
0
0
0
0
0
0
0
0
0
0
0
0
0
0
4
0
1
0
2
1
0
0
0
2
0
3
0
0
1
1
1
1
0
2
1
1
1
0
4
1
1
1
3
4
1
2
1
1
1
1
2
2
2
3
4
2
0
3
2
4
3
2
6
7
6
4
3
6
8
5
4
6
6
4
3
10
10
7
10
3
6
8
10
3
3
2
2
4
4
6
1
3
1
1
0
2
1
0
2
1
0
1
0
0
0
0
0
0
1
0
0
0
0
0
0
0
0
0
0
0
0
0
0
0
4
0
1
0
3
1
0
0
0
2
0
3
0
0
1
1
1
1
0
2
1
1
1
0
4
1
0
1
3
4
1
2
1
1
1
1
2
2
2
3
4
2
0
3
2
4
3
2
6
7
6
4
2
6
8
4
4
5
7
4
3
10
11
7
9
3
5
8
9
3
4
2
2
4
4
6
1
3
1
1
0
2
1
0
2
1
0
1
0
0
0
0
0
0
1
0
0
0
0
0

