3
1
3
2
1
1
3
1
3
1
0
1
2
0
2
0
0
1
0
1
1
3
3
0
1
5
2
8
2
5
4
5
6
3
2
2
1
3
5
7
6
3
5
5
6
4
2
5
7
11
7
4
9
9
4
7
10
4
10
6
6
3
3
2
4
2
6
2
2
1
4
2
1
0
1
0
0
0
1
1
0
2
0
0
0
0
0
0
0
0
0
0
0
0
0
0
0
0
0
0
0
0
6
0
0
0
2
0
0
0
3
1
3
2
1
1
3
1
3
1
0
1
2
0
2
0
1
2
0
1
1
3
3
0
1
5
2
8
2
5
4
5
6
3
2
1
1
3
5
7
6
3
5
6
6
4
2
4
7
11
7
4
9
9
4
7
10
4
10
6
7
3
3
2
4
2
6
2
2
1
4
2
1
0
1
0
0
0
1
1
0
2
0
0
0
0
0
0
0
0
0
0
0
0
0
0
0
0
0
0
0
0
7
0
0
0
2
0
0
0
3
1
3
2
1
1
3
1
3
1
0
1
2
0
2
0
1
2
0
1
1
3
3
0
1
5
3
8
2
4
4
5
6
3
2
1
1
2
5
7
6
2
5
6
6
4
2
3
7
11
7
4
9
9
4
8
10
4
11
5
7
3
3
2
4
2
6
2
2
1
4
2
1
0
1
0
0
0
1
1
0
2
0
0
0
0
0
0
0
0
0
0

