1
0
0
2
0
0
0
1
0
2
0
0
1
0
1
1
1
0
3
2
1
3
1
2
2
1
0
1
3
3
3
3
4
2
2
2
3
7
4
10
3
6
4
7
5
4
4
6
9
4
7
4
8
8
5
11
6
3
5
8
6
6
3
0
2
5
5
4
0
5
0
2
2
1
2
1
0
1
1
0
0
0
0
0
0
1
0
0
0
1
0
0
0
0
0
0
0
0
0
0
0
0
6
3
3
0
3
2
1
2
1
0
0
2
0
0
0
2
0
2
0
0
1
0
1
1
1
0
3
2
1
3
1
2
2
1
0
1
3
3
3
3
4
2
2
2
3
7
4
10
3
6
4
7
5
4
4
6
9
4
7
4
8
8
5
11
6
3
5
7
6
6
3
0
2
5
5
4
0
5
0
2
2
1
2
1
0
1
1
0
0
0
0
0
0
1
0
0
0
1
0
0
0
0
0
0
0
0
0
0
0
0
7
3
3
0
3
2
1
2
1
1
0
2
0
0
0
1
0
2
0
0
2
0
1
1
1
0
3
2
1
3
1
2
2
1
0
1
3
3
3
3
4
2
2
2
2
7
3
9
2
6
3
7
5
4
4
6
8
4
7
4
7
8
5
9
6
2
5
7
6
4
3
0
2
5
4
4
0
5
0
2
2
1
2
1
0
1
1
0
0
0
0
0
0
1
0
0
0
1
0
0

