0
1
1
1
1
1
1
0
1
2
0
2
1
0
3
1
0
0
0
2
0
1
1
1
0
1
0
2
4
5
5
4
2
3
0
2
2
7
5
6
7
3
5
8
2
5
4
3
7
7
5
3
7
8
5
9
3
6
7
7
1
3
2
3
4
3
4
7
1
4
0
1
3
0
2
2
2
0
1
1
0
1
0
0
1
0
0
0
0
0
0
0
0
0
0
0
0
0
0
0
0
0
3
0
0
0
0
0
0
2
0
1
1
1
1
1
0
0
1
2
0
2
1
0
3
1
0
0
0
2
0
0
1
1
0
1
0
2
4
5
5
3
2
3
0
2
2
7
5
6
7
3
5
8
1
5
4
5
7
7
5
3
7
8
5
9
3
6
7
7
1
3
2
4
4
3
4
7
1
4
0
1
3
0
2
2
1
0
1
1
0
1
0
0
1
0
0
0
0
0
0
0
0
0
0
0
0
0
0
0
0
0
4
0
0
0
0
0
0
2
0
1
1
1
1
1
0
0
1
2
0
2
1
0
3
1
0
0
0
2
0
0
1
1
0
1
0
2
3
6
5
3
2
3
0
2
2
8
5
6
7
3
5
8
1
5
4
5
7
8
5
3
7
8
5
9
3
6
7
6
1
3
2
4
4
3
4
7
1
4
0
1
3
0
2
2
1
0
1
1
0
1
0
0
1
0
0
0
0
0
0
0

