0
1
0
0
1
1
1
0
0
0
1
2
0
2
0
1
2
1
2
1
2
4
4
5
1
2
3
4
3
3
2
1
1
2
4
4
5
7
7
3
6
6
2
5
4
7
4
6
2
10
8
7
3
10
6
3
4
3
2
6
1
8
3
2
2
5
2
1
0
1
2
1
2
0
1
1
2
0
1
0
0
0
0
0
0
0
0
1
0
0
0
0
0
0
0
0
0
0
0
0
0
0
5
0
0
0
1
1
2
0
1
1
0
0
1
1
1
0
0
0
1
3
0
2
0
1
2
1
2
1
2
4
4
5
1
2
3
4
3
3
2
1
1
2
3
4
5
7
6
3
6
6
2
5
4
6
4
6
2
10
8
7
3
10
5
3
4
3
2
6
1
8
3
2
2
5
2
1
1
1
2
1
2
0
1
1
2
0
1
0
0
0
0
0
0
0
0
1
0
0
0
0
0
0
0
0
0
0
0
0
0
0
4
1
0
0
1
1
2
0
1
0
0
0
1
2
1
0
0
0
1
3
0
2
0
1
2
1
2
1
2
4
3
4
1
2
3
4
3
4
2
1
1
2
3
4
4
7
6
3
6
6
2
5
4
6
4
6
2
10
7
7
3
9
5
3
4
3
2
5
1
8
3
2
2
5
1
2
1
1
1
1
2
0
1
1
2
0
1
0
0
0
0
0
0
0
0
1
0
0
0
0

