0
1
0
1
0
0
0
2
0
0
3
1
0
0
1
1
1
2
1
2
1
0
4
2
1
5
1
6
6
5
2
3
6
2
1
4
5
6
5
4
7
4
3
9
2
6
6
9
4
10
8
4
5
8
4
4
11
2
6
7
8
5
2
4
1
3
0
4
3
6
5
1
4
2
1
3
2
4
0
0
1
0
0
1
0
1
0
0
0
1
0
0
0
0
0
0
0
0
0
0
0
0
7
6
2
3
0
0
0
0
0
1
0
1
0
0
0
2
0
0
4
1
0
0
1
1
1
2
1
2
1
0
4
2
1
5
1
6
6
5
3
3
6
2
1
4
4
6
5
4
7
4
3
9
2
5
6
9
4
11
8
4
5
8
4
4
10
1
5
6
8
4
2
3
1
3
0
4
3
5
5
1
4
2
1
3
2
4
0
0
1
0
0
1
0
1
0
0
0
1
0
0
0
0
0
0
0
0
0
0
0
0
6
7
2
4
0
0
0
0
0
1
0
1
0
0
0
2
0
0
4
1
0
1
1
2
1
2
1
2
1
0
4
2
1
4
1
6
6
5
3
3
6
2
1
4
4
6
5
4
7
4
3
7
1
5
6
8
4
10
7
3
4
8
4
4
10
1
5
6
8
4
2
3
1
3
0
4
3
5
5
2
3
3
1
2
2
3
0
0
1
0
0
1
0
1
0
0
0
1
0
0

