0
1
0
0
1
2
0
3
3
1
2
0
0
1
2
0
1
0
0
2
1
1
1
0
4
1
1
7
7
2
2
2
4
0
4
2
3
2
9
9
8
4
4
5
2
5
2
6
6
6
7
11
8
10
4
6
10
6
7
4
7
5
5
8
2
1
1
1
6
2
8
2
3
2
0
0
1
2
1
1
0
1
0
0
1
0
1
0
0
0
0
0
0
0
0
0
0
0
0
0
0
0
1
1
1
0
1
0
0
1
1
1
0
0
1
2
0
3
3
1
1
0
0
1
2
0
1
0
0
2
1
1
1
0
4
1
1
7
6
2
2
2
3
0
4
2
3
2
9
8
8
4
4
5
2
5
2
5
7
6
6
11
8
10
4
6
9
6
7
4
7
6
6
8
2
0
1
1
6
2
7
2
3
2
0
0
1
2
1
1
0
1
0
0
1
0
1
0
0
0
0
0
0
0
0
0
0
0
0
0
0
0
1
2
1
0
2
0
0
1
1
1
0
0
1
2
0
3
3
1
1
0
0
1
2
0
1
0
0
2
1
1
1
0
4
1
1
7
6
2
2
2
3
0
4
2
3
2
8
8
7
4
4
5
2
5
2
5
7
6
5
10
8
10
4
6
9
6
6
4
7
6
6
8
2
0
1
0
6
2
7
2
4
3
0
0
1
2
1
1
0
1
0
0
1
0
1
0
0
0
0
0

