0
0
0
0
1
1
1
1
0
1
2
0
1
1
0
0
2
5
1
2
2
3
4
2
2
1
4
1
2
2
5
8
3
2
6
2
4
3
4
7
4
3
2
3
10
3
2
12
6
7
4
3
6
4
2
10
5
2
4
7
9
10
0
4
4
4
6
1
0
7
2
1
1
1
2
0
2
1
3
0
2
1
0
0
2
0
1
0
0
0
0
0
0
0
0
0
0
0
0
0
0
0
3
0
1
0
1
2
3
1
0
0
0
0
1
1
1
1
0
1
2
0
1
1
0
0
2
4
1
2
2
3
4
2
2
1
4
1
2
2
5
8
3
2
6
2
4
3
4
8
4
3
2
3
10
3
2
12
6
7
4
2
6
4
2
10
5
2
4
7
9
11
0
4
4
3
6
1
0
7
2
1
1
1
2
0
2
1
3
0
2
1
0
0
2
0
1
0
0
0
0
0
0
0
0
0
0
0
0
0
0
0
4
0
2
0
1
2
3
1
0
1
0
0
1
1
1
1
0
1
2
0
1
1
0
0
2
4
1
2
2
4
4
2
2
1
4
1
2
2
5
7
2
2
5
2
4
3
4
8
4
3
2
3
10
4
2
12
7
7
4
2
6
4
2
10
5
2
4
8
9
9
0
4
4
3
6
1
0
5
2
1
1
1
2
0
2
1
3
0
1
1
0
0
2
0
1
0
0
0
0
0

