1
1
2
1
2
3
1
1
2
2
2
2
0
0
3
0
0
3
3
1
2
3
1
0
2
2
0
5
7
2
5
2
5
4
3
3
2
6
3
5
8
5
4
3
4
4
3
5
7
7
14
4
6
4
7
7
2
3
7
3
4
4
4
5
4
5
3
2
0
3
3
3
2
2
0
3
0
0
0
1
0
2
0
0
0
0
0
0
0
0
0
0
0
0
0
0
0
0
0
0
0
0
1
3
1
0
0
0
1
1
1
1
2
1
1
3
1
1
2
2
2
2
0
0
3
0
0
3
3
1
2
3
1
0
2
2
0
5
6
2
5
2
4
4
3
3
3
7
3
5
8
5
4
4
4
4
3
5
7
7
14
3
6
4
7
7
2
3
7
3
5
3
4
5
4
4
2
2
0
3
3
3
2
1
0
2
0
0
0
1
0
1
0
0
0
0
0
0
0
0
0
0
0
0
0
0
0
0
0
0
0
0
1
3
0
0
0
0
1
1
1
1
2
1
2
3
1
1
3
2
2
2
0
0
3
0
0
3
3
1
2
3
1
0
2
2
0
5
6
2
5
2
3
4
3
3
3
7
3
5
8
5
4
4
4
4
3
5
7
5
13
3
6
4
7
7
2
3
7
3
4
4
4
5
4
4
2
2
0
3
3
3
2
1
0
2
0
0
0
1
0
1
0
0
0
0
0
0
0
0
0
0

