2
1
3
1
0
0
0
0
0
2
3
1
3
0
0
1
1
3
3
1
3
1
1
1
0
0
0
4
4
2
0
3
3
2
2
1
6
4
6
4
1
8
4
4
5
7
3
11
7
7
10
10
8
2
3
7
4
4
5
2
4
5
3
2
7
5
3
1
3
4
1
5
1
0
4
1
1
0
0
1
1
2
0
0
0
0
0
0
0
0
0
0
0
0
0
0
0
0
0
0
0
0
3
0
0
0
1
0
1
2
2
1
3
1
0
0
0
0
0
2
3
1
3
0
0
1
1
3
3
1
3
1
1
1
0
0
0
4
4
2
0
3
3
2
2
1
6
4
6
4
1
7
4
4
5
6
3
10
7
7
9
11
7
2
3
7
4
4
5
2
4
5
3
2
7
5
3
1
3
5
1
5
1
0
4
1
1
0
0
1
1
2
0
0
0
0
0
0
0
0
0
0
0
0
0
0
0
0
0
0
0
0
3
1
0
0
1
0
1
2
2
1
3
1
0
0
0
0
0
2
2
1
3
0
0
1
1
3
3
1
2
1
1
1
0
0
0
4
4
2
0
4
3
2
2
1
6
4
5
3
1
6
4
4
5
6
3
10
7
6
9
10
7
2
3
7
4
3
5
2
4
5
3
2
7
5
3
1
3
5
1
5
1
0
4
1
1
0
0
1
1
1
0
0
0
0
0
0
0
0
0
0

