1
0
1
0
1
1
1
1
1
0
1
2
1
0
3
1
3
3
1
2
2
3
1
2
2
4
1
2
3
2
3
2
6
4
4
4
2
7
4
2
6
5
4
6
11
3
3
6
12
10
3
9
8
6
2
10
5
8
3
5
3
3
4
3
1
1
2
3
4
3
1
6
2
0
1
2
3
2
1
1
2
1
0
0
0
1
0
0
0
0
0
0
0
0
0
0
0
0
0
0
0
0
2
1
1
1
0
3
1
2
1
0
1
0
1
1
1
1
1
0
1
2
1
0
3
0
3
3
1
2
2
2
1
2
2
4
1
2
3
2
3
2
5
4
4
4
2
7
4
2
6
5
4
5
10
2
2
6
13
10
2
9
8
6
1
10
4
7
3
5
3
3
4
3
1
1
2
3
3
3
1
6
2
0
1
2
3
2
1
1
2
1
0
0
0
1
0
0
0
0
0
0
0
0
0
0
0
0
0
0
0
0
3
2
1
1
0
3
1
2
1
0
1
0
1
0
1
1
1
0
1
2
1
0
3
0
3
3
1
2
2
2
0
2
2
2
1
2
4
2
2
2
5
4
3
4
2
6
4
2
6
4
4
5
10
2
2
6
12
10
2
9
8
6
1
11
4
7
3
5
3
2
3
3
1
1
1
3
2
2
1
5
2
0
1
2
3
1
1
1
2
1
0
0
0
1
0
0
0
0
0
0

