0
1
3
1
1
0
0
1
1
1
1
0
1
0
2
0
1
2
4
2
3
1
0
3
1
1
3
3
2
5
2
7
3
4
3
2
4
1
6
4
12
4
2
7
6
3
10
7
5
4
3
11
3
7
6
4
6
6
2
2
2
1
1
4
5
1
2
4
4
2
2
2
0
0
0
0
1
0
1
0
0
1
0
1
1
0
0
1
0
0
0
0
0
0
0
0
0
0
0
0
0
0
4
0
2
1
0
1
2
0
0
1
3
1
1
0
0
1
1
1
2
0
1
0
2
0
1
2
4
2
3
1
0
3
1
1
2
3
2
5
2
7
3
4
3
2
4
1
6
3
12
3
2
7
6
3
10
7
5
4
3
11
3
6
6
4
6
6
2
2
2
1
1
4
5
1
2
4
4
1
2
2
0
0
0
0
1
1
1
0
0
1
0
1
1
0
0
1
0
0
0
0
0
0
0
0
0
0
0
0
0
0
4
0
2
1
0
1
2
0
0
1
3
1
1
0
0
1
1
1
2
0
1
0
2
0
1
2
4
2
3
1
0
3
1
1
2
4
2
4
2
7
3
4
3
2
4
1
6
3
12
3
2
6
6
3
10
7
6
4
3
11
3
6
6
4
6
6
2
3
2
1
1
4
6
1
2
4
4
1
2
1
0
0
0
0
1
1
1
0
0
1
0
0
1
0
0
1
0
0
0
0

