0
2
1
2
1
1
3
0
2
3
0
0
1
0
0
0
0
3
2
2
2
1
3
0
1
2
1
3
8
1
3
2
3
1
7
4
8
5
4
4
3
7
7
2
5
6
2
7
10
7
5
5
7
3
6
9
7
4
6
4
2
4
1
5
4
4
3
2
3
1
1
1
1
2
1
4
3
1
2
0
1
0
0
0
0
0
0
0
0
0
0
0
0
0
0
0
0
0
0
0
0
0
8
1
1
2
0
0
0
1
0
2
1
2
1
1
3
0
2
3
0
0
1
0
0
0
0
3
2
2
2
1
3
0
1
2
1
3
7
1
3
2
3
2
7
4
8
5
4
4
3
7
7
2
5
6
2
7
10
7
5
5
6
3
5
9
7
4
6
3
2
4
1
5
3
4
3
2
3
0
2
1
1
2
1
4
3
1
2
1
1
0
0
0
0
0
0
0
0
0
0
0
0
0
0
0
0
0
0
0
0
0
9
1
1
2
0
0
0
1
0
2
1
2
1
1
3
0
2
3
0
0
1
0
0
0
0
3
2
2
2
2
3
0
1
2
1
3
7
1
3
2
3
2
6
3
8
5
4
4
3
7
7
2
3
6
2
7
11
7
4
5
5
2
4
9
8
3
6
3
1
4
2
5
3
4
3
2
3
0
2
1
1
2
1
4
2
1
2
1
1
0
0
0
0
0
0
0
0
0
0
0

