2
0
2
1
0
0
2
4
2
0
2
1
2
3
1
3
0
0
3
0
3
2
1
2
1
3
2
3
1
1
3
2
3
4
4
4
4
6
5
4
3
6
5
5
10
5
3
8
6
3
11
9
4
16
5
8
10
2
5
3
3
1
4
6
3
5
3
3
0
2
0
2
1
4
0
1
0
2
0
0
0
0
0
1
1
1
1
0
0
0
0
0
0
0
0
0
0
0
0
0
0
0
5
0
0
0
1
0
2
1
2
0
2
2
0
0
2
3
2
0
3
1
2
2
1
3
0
0
3
0
3
2
1
1
1
3
2
2
1
1
2
2
3
4
4
4
4
6
3
5
3
6
5
5
11
5
3
8
6
3
11
9
4
15
5
7
9
2
5
4
3
1
4
6
3
5
3
3
0
2
0
2
1
4
0
1
0
2
0
0
0
0
0
1
1
1
1
0
0
0
0
0
0
0
0
0
0
0
0
0
0
0
5
0
0
0
1
0
2
2
2
0
2
2
1
1
2
3
2
0
3
1
2
2
1
3
0
0
3
0
2
2
1
1
1
3
2
1
0
1
2
2
3
4
3
4
4
6
3
5
3
6
5
5
11
5
3
6
6
2
11
9
3
14
5
7
9
2
5
4
3
1
3
6
3
7
3
3
0
2
0
2
1
4
0
1
0
2
0
0
0
0
0
1
1
1
1
0
0
0
0
0

