2
0
0
0
1
0
0
2
1
1
4
1
0
1
1
3
0
1
3
2
3
0
4
3
3
1
2
2
2
3
1
3
2
3
6
2
3
5
6
6
4
5
2
8
2
5
6
8
10
9
5
3
4
8
5
9
5
2
5
6
4
5
4
3
1
3
2
5
2
5
4
1
2
2
2
1
1
1
0
2
1
1
0
0
1
0
0
0
0
0
0
0
0
0
0
0
0
0
0
0
0
0
6
2
5
0
2
2
0
3
3
0
0
0
1
0
0
2
1
1
4
1
0
0
1
3
0
1
3
2
3
0
4
3
3
1
2
2
2
3
1
3
2
2
6
2
3
5
6
6
4
5
2
8
2
4
6
8
9
9
5
3
4
8
5
9
5
2
5
6
4
5
4
3
1
3
2
5
2
5
4
1
2
2
2
1
1
1
0
2
1
1
0
0
1
0
0
0
0
0
0
0
0
0
0
0
0
0
0
0
0
0
7
2
4
0
2
2
0
3
3
0
0
0
1
0
0
2
1
1
4
1
0
0
1
3
0
1
3
2
3
0
4
3
3
1
2
2
2
3
1
3
2
1
6
2
3
5
5
6
4
5
2
7
2
4
6
7
9
9
6
3
4
8
4
8
5
2
5
6
3
5
4
4
0
3
1
5
2
5
4
1
2
2
2
1
1
1
0
2
1
1
0
0
1
0
0
0
0
0
0
0

