1
0
1
1
0
1
0
2
0
1
1
0
4
1
3
2
1
5
1
3
1
5
0
0
4
2
1
5
5
3
3
1
5
4
3
3
3
1
6
4
7
3
5
4
1
4
5
8
9
7
9
10
3
9
6
6
6
5
3
5
6
2
3
2
2
7
3
2
5
2
1
2
1
4
1
4
0
0
0
1
2
0
0
0
0
0
0
0
1
1
0
0
0
0
0
0
0
0
0
0
0
0
6
0
3
0
0
0
1
0
1
0
1
1
0
2
0
1
0
1
1
0
4
1
3
2
1
5
1
3
1
5
0
0
4
2
1
5
5
3
3
1
5
4
3
3
3
1
6
4
7
3
5
4
1
4
5
8
9
7
9
7
3
9
7
6
5
5
3
5
6
2
3
2
2
7
3
1
5
2
1
2
1
4
1
4
0
0
0
1
2
0
0
0
0
0
0
0
1
1
0
0
0
0
0
0
0
0
0
0
0
0
6
0
3
0
0
0
1
0
1
0
1
1
0
2
0
1
0
1
1
0
5
1
3
2
1
4
2
3
1
5
0
1
4
2
1
5
5
3
3
1
5
2
3
3
3
1
6
4
6
3
4
4
1
4
5
8
8
7
9
6
3
9
7
6
6
5
2
5
6
2
3
2
2
7
3
1
5
2
1
2
1
4
1
4
0
0
0
1
2
0
0
0
0
0
0
0
1
1
0
0

