0
0
0
0
1
0
0
0
1
0
0
1
0
0
0
1
0
3
2
1
1
1
1
0
4
0
0
4
5
5
7
2
0
3
2
4
1
4
5
7
6
6
4
10
1
2
3
9
5
4
5
5
5
6
7
4
4
2
7
4
4
5
4
3
4
4
3
2
3
1
3
4
2
0
1
1
1
1
0
0
0
0
0
0
0
0
1
0
0
0
0
0
0
0
0
0
0
0
0
0
0
0
4
3
2
1
0
2
1
2
0
0
0
0
1
0
0
0
1
0
0
1
0
0
0
1
0
3
2
1
1
1
1
0
4
0
0
4
5
5
7
2
0
3
2
4
0
4
5
7
6
6
4
10
1
2
3
9
5
4
5
4
5
5
7
4
4
2
7
4
4
5
5
2
4
5
3
2
3
1
3
4
2
0
1
1
1
1
0
0
0
0
0
0
0
0
1
0
0
0
0
0
0
0
0
0
0
0
0
0
0
0
4
3
2
2
0
2
1
2
0
0
0
0
1
0
0
0
1
0
0
1
0
0
0
1
0
3
2
3
1
1
1
0
4
0
0
4
5
5
7
2
0
3
2
4
0
4
6
7
6
6
4
10
1
2
3
9
5
4
5
4
5
5
7
4
4
2
6
4
5
5
4
2
4
5
3
2
2
1
3
4
1
0
1
1
1
1
0
0
0
0
0
0
0
0
1
0
0
0
0
0

