3
1
0
0
1
2
0
1
0
0
0
0
0
0
0
2
0
1
1
5
2
1
3
2
2
0
2
3
2
2
2
2
3
4
5
7
2
5
1
3
1
6
0
5
9
4
2
9
11
8
6
6
2
11
8
7
7
2
4
3
10
4
3
4
3
4
2
4
6
1
2
5
1
1
2
3
1
1
2
0
4
0
0
1
0
0
0
0
0
0
0
0
0
0
0
0
0
0
0
0
0
0
2
0
0
0
0
0
2
0
3
1
0
0
1
2
0
2
0
0
0
0
0
0
0
1
0
1
1
5
2
1
3
2
2
0
2
3
1
2
2
2
3
4
5
7
2
5
0
3
1
6
0
5
9
4
2
9
11
7
6
6
2
11
8
7
7
2
4
3
10
4
3
4
3
3
2
4
5
1
2
5
1
1
2
3
1
1
2
0
4
0
0
1
0
0
0
0
0
0
0
0
0
0
0
0
0
0
0
0
0
0
1
0
0
0
0
1
1
0
3
1
0
0
2
2
0
2
0
0
0
0
0
0
0
1
0
1
1
6
2
1
3
2
2
0
2
3
1
2
2
2
2
4
5
7
2
5
0
3
1
5
0
5
9
4
2
9
11
7
6
5
2
9
8
7
7
2
4
3
9
4
3
4
3
3
2
4
4
2
2
4
1
1
2
3
1
1
2
0
4
0
0
0
0
0
0
0
0
0
0
0

