0
2
0
0
2
0
0
0
1
1
1
0
0
0
1
1
0
2
0
1
0
1
0
1
1
0
1
1
2
3
1
2
5
1
2
3
1
1
5
3
6
1
7
5
6
3
3
8
6
6
6
4
8
7
4
6
5
4
9
4
5
8
5
4
5
5
1
6
5
2
1
2
3
5
2
5
1
1
1
3
0
0
0
1
0
1
0
0
0
1
0
0
0
0
0
0
0
0
0
0
0
0
3
1
0
1
1
0
2
1
0
2
0
0
2
1
1
0
1
1
1
0
0
0
1
1
0
2
0
1
0
1
0
1
1
0
1
1
2
3
1
2
5
1
2
3
1
1
5
3
6
2
7
5
6
3
2
8
5
5
4
4
6
7
4
5
5
4
9
4
5
8
5
4
5
5
1
6
4
2
1
2
3
5
2
5
1
1
0
3
0
0
0
1
0
1
0
0
0
1
0
0
0
0
0
0
0
0
0
0
0
0
4
2
0
2
2
0
3
1
0
2
0
0
2
1
1
0
1
1
1
0
0
0
1
1
0
2
0
1
0
1
0
1
1
0
1
1
2
3
1
3
5
1
2
3
1
1
5
3
6
2
7
4
6
3
2
8
5
5
4
4
6
7
4
5
5
4
9
4
5
8
5
4
5
5
2
6
4
2
1
1
3
5
2
4
1
1
0
3
0
0
0
1
0
1
0
0
0
1
0
0

