1
0
0
0
1
1
2
2
0
2
0
1
4
1
0
1
1
4
1
3
1
1
3
4
3
2
0
3
1
4
5
3
1
5
4
3
3
4
2
5
7
8
5
6
8
6
9
7
8
11
9
9
10
6
5
2
2
3
3
5
5
5
2
3
3
6
2
6
5
5
2
2
2
3
2
0
2
0
1
2
0
1
0
0
0
0
0
0
0
0
0
0
0
0
0
0
0
0
0
0
0
0
4
1
0
1
0
0
0
2
1
0
0
0
1
1
2
2
0
2
0
1
4
1
0
2
1
4
2
3
1
1
3
3
2
2
0
3
1
4
5
3
1
5
4
3
3
4
2
5
6
7
4
6
8
6
9
7
8
11
9
7
10
6
5
2
2
4
3
5
5
5
2
3
3
6
2
6
5
5
2
2
2
3
2
0
2
0
1
2
0
1
0
0
0
0
0
0
0
0
0
0
0
0
0
0
0
0
0
0
0
0
4
1
0
1
0
0
0
2
1
0
0
1
1
2
2
2
0
2
0
1
4
1
0
2
2
4
2
3
1
1
3
3
2
2
0
3
1
4
6
3
1
5
4
3
3
3
2
5
6
7
4
5
8
6
9
7
8
10
9
6
10
6
5
2
2
4
3
4
5
5
2
3
3
6
2
6
5
5
1
2
2
2
2
0
2
0
1
2
0
1
0
0
0
0
0
0
0
0
0
0

