2
1
1
2
0
0
1
1
1
2
2
1
0
2
0
1
0
4
1
2
1
1
2
2
2
5
4
2
7
2
7
4
5
3
1
2
2
5
6
4
6
4
3
5
4
3
5
4
11
1
10
6
5
8
6
5
9
4
1
0
6
2
1
3
4
6
2
0
5
4
5
2
1
3
0
0
0
1
1
0
1
0
0
0
1
0
0
0
0
0
0
0
0
0
0
0
0
0
0
0
0
0
3
0
0
0
3
1
1
1
2
1
1
2
0
0
1
1
1
2
2
1
0
2
1
1
0
4
1
2
0
1
2
2
2
5
5
2
7
2
7
4
5
3
1
2
2
4
6
4
6
4
3
5
4
3
5
4
11
0
9
5
4
7
6
5
9
4
1
0
6
3
1
3
4
5
2
0
5
4
5
2
1
3
0
0
0
1
1
0
1
0
0
0
1
0
0
0
0
0
0
0
0
0
0
0
0
0
0
0
0
0
3
0
0
0
3
1
1
1
2
1
1
2
0
0
1
1
1
2
2
1
0
2
1
1
0
4
2
2
0
1
2
2
2
5
5
3
7
2
7
4
5
3
1
3
2
4
6
4
5
3
3
5
3
3
5
4
10
0
8
5
3
6
5
5
9
3
1
0
6
3
1
2
4
5
2
1
5
4
5
2
1
3
0
0
0
1
1
0
1
0
0
0
1
0
0
0
0
0
0
0

