2
0
1
0
0
2
0
1
0
1
1
0
2
2
0
0
0
1
1
1
2
3
3
1
3
0
3
5
3
4
3
1
3
1
5
6
2
2
6
8
3
7
4
3
6
5
5
7
2
5
2
8
5
6
3
5
10
8
9
2
7
11
6
6
3
7
3
1
1
4
0
1
1
0
1
1
1
1
2
1
0
0
0
0
0
0
0
0
0
0
0
0
0
0
0
0
0
0
0
0
0
0
4
2
1
2
0
0
1
2
1
0
1
0
0
2
0
1
0
1
1
0
2
2
0
0
0
1
1
1
2
3
3
1
3
0
3
5
3
3
3
1
3
1
5
6
2
2
6
8
3
7
4
3
6
5
4
6
2
5
3
8
5
6
3
4
10
8
9
2
5
11
6
5
3
6
3
1
1
4
0
1
1
0
1
1
1
1
2
1
0
0
0
0
0
0
0
0
0
0
0
0
0
0
0
0
0
0
0
0
0
0
4
2
1
2
1
0
1
1
1
0
1
0
0
2
0
0
0
1
1
1
2
2
0
0
0
1
1
1
2
3
3
1
3
0
3
5
3
3
3
1
3
1
5
6
2
1
6
7
3
7
4
2
6
5
3
5
2
5
3
8
5
6
3
4
10
7
10
2
5
11
6
4
3
6
3
1
1
3
0
1
1
0
1
1
1
1
2
0
0
0
0
0
0
0
0
0
0
0
0
0

