2
0
1
0
1
0
0
2
0
1
2
2
1
0
1
2
1
1
2
1
2
2
3
1
6
0
4
3
4
4
2
1
2
3
3
4
4
5
3
10
4
10
7
4
6
2
2
8
9
6
3
9
7
5
5
5
4
6
5
9
7
5
2
5
6
4
2
2
3
3
2
1
0
2
1
1
4
1
0
0
1
2
1
0
0
1
1
0
0
0
0
0
0
0
0
0
0
0
0
0
0
0
5
0
0
0
3
3
1
1
2
0
1
0
1
0
0
2
0
2
2
2
1
0
1
2
1
1
2
1
2
2
4
1
6
0
4
2
4
3
2
1
2
3
3
4
4
5
3
9
4
10
6
4
6
2
2
8
9
6
3
9
7
3
5
6
5
6
5
9
7
5
2
5
6
4
2
2
3
3
2
1
0
2
1
1
5
1
0
0
1
2
1
0
0
1
1
0
0
0
0
0
0
0
0
0
0
0
0
0
0
0
5
0
0
0
4
3
1
1
2
1
1
0
1
1
0
2
0
2
3
2
1
0
1
2
1
1
2
1
2
2
4
1
6
0
3
2
4
3
2
1
2
3
2
4
4
5
3
9
4
9
6
4
6
2
2
9
9
6
3
8
7
3
5
6
5
6
5
9
6
5
2
5
6
4
2
2
3
3
2
1
0
2
1
1
5
1
0
0
1
2
1
0
0
1
1
0
0
0
0
0

