1
2
2
0
0
1
0
0
1
2
1
1
0
1
0
2
2
1
0
2
6
2
2
3
3
1
0
2
7
7
4
2
5
1
2
5
5
3
8
5
5
6
5
4
4
4
2
3
4
3
10
11
4
8
4
7
8
0
4
7
7
7
2
0
2
8
3
1
1
0
4
3
0
1
0
0
4
0
0
1
0
0
0
0
0
0
1
0
0
0
0
0
0
0
0
0
0
0
0
0
0
0
1
3
1
0
3
3
0
1
1
2
2
0
0
0
0
0
1
1
0
1
0
1
0
2
2
1
0
2
6
1
2
3
3
1
0
2
6
7
4
2
5
1
2
4
5
3
8
5
5
6
5
4
4
4
2
3
4
3
11
10
4
8
4
7
8
0
4
7
7
6
2
0
2
7
3
1
1
0
4
3
0
1
0
0
4
0
0
1
0
0
0
0
0
0
0
0
0
0
0
0
0
0
0
0
0
0
0
0
0
0
1
3
1
0
3
2
0
1
1
2
2
0
0
0
0
0
0
1
0
1
0
1
0
2
2
1
0
2
5
1
2
3
3
1
0
2
4
6
4
2
5
1
2
4
5
3
8
6
5
6
5
4
4
4
2
3
4
3
11
10
4
8
4
6
8
0
4
7
7
6
2
0
2
7
2
1
1
0
4
3
0
1
0
0
3
0
0
1
0
0
0
0
0
0
0
0
0
0
0
0

