0
0
1
0
1
0
1
2
1
0
1
0
1
0
0
0
3
0
0
1
1
3
4
1
1
1
4
6
1
3
3
2
1
2
2
3
6
8
2
6
5
6
5
6
6
4
6
3
10
6
5
8
2
5
5
2
6
3
7
2
5
6
2
6
5
8
6
3
3
1
1
3
0
2
1
1
1
1
2
0
1
0
0
0
0
0
0
0
0
0
0
0
0
0
0
0
0
0
0
0
0
0
6
0
1
1
0
0
1
2
0
0
1
0
1
0
1
2
1
0
1
0
1
0
0
0
3
0
0
1
1
3
4
1
1
1
4
6
1
3
3
3
1
2
2
3
6
7
2
6
5
6
5
6
7
3
6
3
10
6
5
8
2
5
4
2
6
3
7
2
5
6
2
6
5
8
7
4
3
1
1
2
0
3
0
1
1
1
2
0
1
0
0
0
0
0
0
0
0
0
0
0
0
0
0
0
0
0
0
0
0
0
6
0
1
1
0
0
1
2
0
1
1
0
1
0
1
2
1
0
1
0
1
0
0
0
3
0
0
1
2
3
4
1
1
1
4
6
1
3
2
2
1
2
2
3
6
7
2
7
3
6
5
6
7
3
6
3
10
7
5
8
1
4
4
3
6
3
7
2
5
6
2
6
5
8
7
3
3
1
1
2
0
3
0
1
1
1
2
0
1
0
0
0
0
0
0
0
0
0
0
0

