2
0
0
0
0
2
2
1
0
2
0
0
1
0
0
1
1
2
0
2
2
3
4
1
1
0
1
0
5
1
2
0
1
2
1
4
4
4
8
9
7
2
5
4
1
1
3
4
6
5
8
6
4
9
7
4
6
1
4
3
4
5
5
2
5
5
4
2
1
2
3
1
1
2
1
0
2
3
0
0
1
1
0
1
0
0
0
2
2
0
0
0
0
0
0
0
0
0
0
0
0
0
8
0
1
0
2
0
0
0
2
0
1
0
0
2
2
1
0
2
0
0
1
0
1
1
1
2
0
2
2
3
3
1
1
0
1
0
5
1
2
0
1
2
1
4
4
4
8
9
7
2
5
4
1
1
3
4
6
4
8
6
4
9
7
5
5
1
4
3
5
5
5
2
5
5
3
2
1
2
3
1
1
2
1
0
2
3
0
0
1
0
0
1
0
0
0
2
2
0
0
0
0
0
0
0
0
0
0
0
0
0
10
0
1
0
2
0
1
0
2
0
1
0
0
2
2
1
0
2
1
0
1
0
1
1
1
2
0
2
4
2
3
1
1
0
1
0
5
1
2
0
1
2
1
4
4
3
8
9
7
2
5
4
1
2
3
4
6
4
8
4
4
9
7
5
5
1
4
2
4
5
5
2
5
5
3
2
1
2
3
1
1
2
1
0
2
3
0
0
1
0
0
1
0
0
0
2
2
0
0
0

