0
0
0
2
1
0
0
0
1
0
2
2
0
0
4
0
2
4
0
4
3
4
1
1
4
2
2
2
2
3
1
2
4
3
2
3
1
5
5
3
7
8
4
2
2
4
2
5
6
9
3
7
3
13
10
10
6
2
0
7
6
4
2
1
5
4
5
3
2
1
5
2
1
2
0
2
4
3
1
0
1
0
0
0
0
0
1
0
0
0
0
0
0
0
0
0
0
0
0
0
0
0
3
1
0
1
0
2
0
0
0
0
0
2
1
0
0
0
1
0
2
2
0
0
4
0
2
4
0
4
3
4
1
1
4
2
2
2
2
3
1
2
4
2
2
3
1
5
5
3
7
8
3
2
2
4
2
5
6
8
3
6
3
12
10
10
6
2
1
6
6
4
2
1
5
5
5
3
2
1
5
2
1
2
0
2
2
3
0
0
1
0
0
0
0
0
1
0
0
0
0
0
0
0
0
0
0
0
0
0
0
0
3
1
1
1
0
2
0
0
0
0
0
2
1
0
0
0
2
0
2
1
0
0
4
0
2
4
0
4
3
4
1
1
4
2
2
2
2
3
1
2
3
2
2
3
1
5
4
3
7
7
3
1
2
4
1
5
6
8
3
6
2
11
10
10
5
2
1
6
6
4
2
1
5
4
5
3
2
1
5
2
1
2
0
2
2
3
0
0
1
0
0
0
0
0
1
0
0
0
0
0

