1
0
2
2
2
1
1
0
1
0
3
0
0
1
1
1
1
0
1
0
2
1
1
2
1
0
0
1
4
6
3
2
4
4
7
2
3
7
6
3
4
5
4
5
5
2
4
10
7
7
10
8
7
8
7
5
3
3
6
4
4
3
4
3
8
4
0
1
1
0
0
1
0
1
2
1
2
0
1
0
1
2
1
0
0
0
1
0
0
0
0
0
0
0
0
0
0
0
0
0
0
0
3
0
1
0
1
1
1
2
1
0
2
2
2
1
1
1
1
0
3
0
0
1
1
1
1
0
1
0
2
1
1
2
1
0
0
1
4
6
3
2
4
4
7
2
2
7
6
3
4
5
4
5
5
2
3
10
7
7
10
8
7
8
7
5
2
3
6
4
4
3
4
3
8
4
0
1
1
0
0
1
0
1
1
1
2
0
1
0
1
2
0
0
0
0
1
0
0
0
0
0
0
0
0
0
0
0
0
0
0
0
3
0
1
0
1
1
1
2
1
0
3
2
2
1
1
0
1
0
3
0
0
1
1
1
1
0
1
0
2
1
1
2
1
0
0
1
4
6
3
2
4
4
7
2
3
7
6
3
4
5
4
5
5
2
3
10
7
7
10
8
7
8
7
5
2
3
6
4
4
3
4
3
8
4
1
1
1
0
0
1
0
1
1
1
2
0
1
0
1
2
0
0
0
0
1
0
0
0
0
0

