0
1
0
2
0
0
1
0
1
0
2
1
0
1
0
1
0
1
0
0
1
0
2
1
0
2
0
3
4
2
4
4
4
0
3
8
0
5
10
5
6
9
8
3
6
5
3
7
1
5
5
6
4
13
4
7
8
2
4
4
3
6
1
5
0
2
4
3
3
2
4
4
3
1
1
2
0
1
2
0
1
0
0
0
0
0
0
1
0
1
0
0
0
0
0
0
0
0
0
0
0
0
7
1
1
0
0
1
2
3
0
1
0
2
0
0
1
0
1
0
2
1
1
1
0
1
0
1
0
0
1
0
2
1
0
2
0
3
4
2
3
4
4
0
3
7
0
4
11
5
6
7
8
3
6
5
3
7
1
5
5
6
4
12
4
6
8
2
4
4
3
6
1
6
0
2
4
3
3
2
4
4
3
1
1
2
0
1
2
0
1
0
0
0
0
0
0
0
0
1
0
0
0
0
0
0
0
0
0
0
0
0
7
1
1
0
0
1
2
3
0
1
0
2
0
0
1
0
2
0
2
1
1
1
0
1
0
1
0
0
1
0
2
1
0
2
0
3
4
2
3
4
4
0
2
8
0
4
11
5
6
7
8
3
6
5
3
7
1
5
4
6
3
12
3
6
8
2
4
4
3
5
1
6
0
2
4
3
3
2
4
4
3
1
1
2
1
1
2
0
1
0
0
0
0
0
0
0
0
1
0
0

