0
1
3
0
0
0
0
2
1
1
1
1
3
1
1
1
3
1
1
3
4
1
2
4
2
3
1
3
3
3
2
3
2
5
4
3
0
6
2
7
4
9
5
7
3
3
2
11
8
5
4
6
9
4
9
5
7
6
5
5
2
2
3
5
4
2
4
4
1
2
2
2
2
1
0
0
1
0
1
1
0
1
1
0
1
0
0
0
1
2
0
0
0
0
0
0
0
0
0
0
0
0
5
1
0
0
2
0
0
1
0
1
3
0
0
0
0
3
0
1
1
1
1
1
1
1
3
1
1
3
4
1
1
4
2
2
1
3
3
3
2
4
2
5
4
3
0
6
2
7
4
8
5
7
3
3
2
8
8
5
4
7
9
4
8
5
7
6
5
5
2
2
3
5
4
2
4
4
1
2
2
2
2
1
0
0
1
0
1
1
0
1
1
0
1
0
0
0
1
2
0
0
0
0
0
0
0
0
0
0
0
0
5
1
0
0
2
0
0
1
0
1
3
0
0
0
0
3
0
1
1
1
1
1
1
1
4
1
1
3
3
1
1
4
2
2
1
3
3
3
2
4
2
4
4
3
0
6
2
7
3
8
5
6
3
3
2
8
7
5
3
6
9
4
7
4
7
6
5
5
2
2
3
5
4
2
4
4
1
2
1
2
2
1
0
0
1
0
1
1
0
1
1
0
0
0
0
0
1
2
0
0

