1
0
1
2
1
2
0
1
0
1
2
1
1
0
0
1
1
1
1
0
2
5
2
1
4
0
1
5
1
3
0
2
3
5
3
6
3
1
6
5
4
9
4
6
8
2
6
9
4
6
6
5
8
2
6
4
8
5
5
5
7
6
4
3
4
1
6
3
2
5
0
2
1
1
5
2
0
0
1
0
0
0
0
0
0
1
0
0
0
0
0
0
0
0
0
0
0
0
0
0
0
0
2
1
1
1
0
0
0
1
1
0
1
2
1
2
0
1
0
1
2
1
1
0
0
1
1
1
1
0
2
5
2
1
4
0
1
5
1
3
0
2
3
5
3
6
3
1
6
5
4
9
4
6
7
2
6
9
4
5
6
4
8
2
6
4
9
5
4
5
7
6
4
3
3
1
5
3
2
5
0
2
1
1
4
2
0
0
1
0
1
0
0
0
0
1
0
0
0
0
0
0
0
0
0
0
0
0
0
0
0
0
3
1
1
1
0
0
0
1
1
0
2
3
1
2
0
1
2
1
2
1
1
0
0
1
1
1
1
0
2
5
2
1
4
0
1
5
1
3
0
2
2
5
3
6
3
1
6
5
4
8
4
6
7
2
6
9
4
5
6
4
8
2
6
4
8
5
4
5
7
6
3
3
3
1
4
3
2
5
0
2
1
1
4
2
0
0
1
0
1
0
0
0
0
1
0
0
0
0
0
0

