2
0
0
0
0
1
1
0
1
0
2
2
4
2
1
1
0
1
1
0
2
0
4
1
0
2
3
1
3
2
1
4
1
4
2
1
4
4
4
2
3
9
3
6
4
6
8
12
6
7
5
6
4
3
3
3
10
2
6
0
5
1
2
5
3
1
5
2
3
3
3
3
0
1
1
6
0
0
2
1
0
0
0
0
0
0
0
0
0
0
0
0
0
0
0
0
0
0
0
0
0
0
4
0
0
1
0
1
2
2
3
0
0
0
0
1
1
0
1
0
2
2
4
2
1
0
0
1
1
0
2
0
4
1
0
3
3
1
3
2
1
4
1
4
2
1
4
4
3
2
3
9
3
6
4
5
8
11
6
5
5
6
4
4
3
3
10
2
6
0
5
1
1
5
3
0
5
2
3
3
3
3
0
1
1
6
0
0
2
1
0
0
0
0
0
0
0
0
0
0
0
0
0
0
0
0
0
0
0
0
0
0
5
0
0
1
0
1
2
2
2
0
0
0
0
1
1
0
1
0
2
2
3
2
1
0
0
1
1
0
2
0
3
1
0
3
3
1
3
2
1
4
1
4
2
1
3
4
3
2
3
9
3
6
4
5
7
11
4
5
5
5
4
4
2
3
10
2
6
0
5
1
1
5
3
0
5
2
3
3
3
3
0
1
1
6
0
0
2
1
0
0
0
0
0
0
0
0
0
0
0
0

