0
1
1
0
1
0
1
4
2
1
0
0
1
0
3
1
0
3
3
5
3
1
2
0
1
1
3
5
2
3
3
1
4
7
2
0
2
6
3
4
5
7
6
6
2
4
3
4
3
11
5
7
2
8
13
7
7
8
5
6
4
1
4
5
3
2
0
3
3
3
1
3
1
2
2
2
0
1
0
1
0
0
0
0
0
1
0
0
0
0
0
0
0
0
0
0
0
0
0
0
0
0
5
1
0
2
2
1
1
0
0
1
1
0
1
0
1
4
2
1
0
0
1
0
3
2
0
3
4
4
3
1
2
0
1
1
2
5
2
2
3
1
4
7
2
0
2
6
3
4
5
7
6
6
2
4
3
4
3
11
5
7
2
8
12
7
7
8
4
6
4
1
4
4
3
1
0
3
3
3
1
3
1
1
2
2
0
1
0
1
0
0
0
0
0
1
0
0
0
0
0
0
0
0
0
0
0
0
0
0
0
0
6
1
0
3
2
1
1
0
0
2
1
0
1
0
1
3
2
1
0
0
1
0
3
3
0
3
4
4
3
1
2
1
1
1
2
5
2
2
3
1
4
6
2
0
2
6
3
4
5
7
6
5
2
4
3
4
3
11
5
7
2
7
12
7
7
7
4
6
4
1
4
4
3
1
0
3
3
3
1
3
1
1
2
2
0
1
0
1
0
0
0
0
0
1
0
0
0
0
0
0

