1
1
0
1
0
1
0
3
0
1
4
3
1
1
2
0
1
2
1
1
1
1
1
2
1
2
1
3
1
3
3
4
1
2
3
1
5
3
5
8
4
4
3
6
6
5
6
8
3
4
9
19
4
9
10
4
8
5
2
3
0
4
3
3
3
3
4
3
2
2
1
3
2
1
2
2
3
0
0
0
0
0
0
0
0
1
1
0
1
1
0
0
0
0
0
0
0
0
0
0
0
0
7
2
0
3
0
1
2
1
1
1
0
1
0
0
0
3
0
1
4
3
1
1
2
0
1
2
1
1
1
1
1
2
1
2
1
3
1
3
3
3
1
2
4
1
5
3
5
8
4
4
3
6
6
4
6
8
2
4
9
18
4
10
10
4
7
5
2
3
0
3
3
3
3
3
4
3
2
2
1
3
2
1
2
2
3
0
0
0
0
0
0
0
0
1
1
0
1
0
0
0
0
0
0
0
0
0
0
0
0
0
6
2
0
3
0
1
2
1
1
1
0
1
0
0
0
3
0
1
4
3
1
1
2
0
1
2
1
1
1
1
1
2
1
2
1
3
1
3
3
3
1
2
4
1
5
3
5
8
4
4
3
6
6
4
6
8
2
4
8
18
4
10
9
5
7
5
2
3
0
3
2
3
3
3
4
3
2
2
1
3
2
1
2
2
3
0
0
0
0
0
0
0
0
1
1
0
1
0
0
0

