0
2
0
1
0
1
3
3
0
1
2
1
1
0
2
2
1
1
1
1
3
2
2
0
2
1
2
2
3
4
3
1
3
4
5
0
3
4
8
2
3
6
5
4
5
4
4
6
9
2
8
11
9
5
4
7
5
4
6
5
3
5
5
1
5
4
1
2
3
3
1
0
4
0
1
1
1
2
0
3
2
1
0
0
0
1
1
0
0
0
0
0
0
0
0
0
0
0
0
0
0
0
6
3
1
1
1
3
0
0
0
2
0
1
0
1
3
3
0
1
2
1
1
0
2
2
1
1
1
1
3
2
2
0
2
1
2
2
3
4
3
1
3
4
5
0
3
4
8
2
3
6
5
4
5
4
4
6
9
2
6
11
8
5
4
7
4
4
6
4
3
5
4
0
5
4
1
2
3
3
1
0
3
0
1
1
1
2
0
2
2
1
0
0
0
1
1
0
0
0
0
0
0
0
0
0
0
0
0
0
0
0
6
4
1
1
1
3
0
0
0
2
0
1
0
1
2
3
0
1
2
1
1
0
2
2
1
1
1
1
3
2
2
0
2
1
2
2
3
4
3
1
3
4
5
0
2
4
8
1
3
6
5
4
5
4
4
6
9
1
5
11
8
4
4
7
3
3
7
3
3
5
3
1
5
4
1
2
3
3
1
0
3
0
1
1
1
2
0
2
2
2
0
0
0
1
1
0
0
0
0
0

