2
0
1
1
0
1
0
0
3
0
0
0
0
2
0
1
1
0
0
2
1
1
3
2
3
2
0
3
1
1
1
3
3
2
4
6
2
7
3
7
3
5
2
2
2
3
3
10
8
9
11
9
4
4
8
4
9
1
4
2
3
7
1
5
2
3
0
3
2
1
2
2
1
3
1
1
0
0
0
0
0
0
0
1
0
0
0
0
0
0
0
0
0
0
0
0
0
0
0
0
0
0
6
1
1
0
0
2
1
1
2
0
1
1
0
1
0
0
3
0
0
0
0
2
0
1
1
0
1
2
1
1
3
2
3
2
0
3
1
1
1
3
2
2
3
6
2
7
3
7
3
5
2
3
2
3
4
10
9
9
9
9
4
5
8
4
9
1
4
2
3
7
1
5
2
3
0
3
2
1
2
2
0
3
1
1
0
0
0
0
0
0
0
1
0
0
0
0
0
0
0
0
0
0
0
0
0
0
0
0
0
0
7
2
1
0
1
2
1
1
2
0
1
2
0
1
0
0
3
0
0
0
0
2
0
1
1
0
1
2
1
1
3
2
3
2
0
3
1
0
1
3
2
1
3
6
2
7
3
7
3
5
3
2
2
3
4
10
9
9
9
9
4
5
8
5
9
1
4
1
2
6
1
5
2
3
0
2
2
1
2
2
0
3
1
1
0
0
0
0
0
0
0
0
0
0
0
0
0
0
0
0

