6038
6067
6104
6085
6102
6115
6114
6146
6161
6190
6200
6211
6247
6247
6228
6248
6281
6281
6317
6320
6313
6375
6359
6363
6348
6352
6326
6313
6284
6244
6224
6218
6156
6112
6067
6030
6012
5974
5952
5910
5849
5808
5759
5729
5699
5628
5570
5573
5521
5502
5418
5358
5308
5285
5228
5181
5154
5106
5052
4984
4973
4929
4865
4846
4835
4764
4736
4641
4592
4546
4490
4498
4452
4383
4328
4320
4261
4238
4197
4166
4166
4109
4069
4033
4037
4016
4018
3986
4000
3970
3949
3889
3835
3783
3743
3709
3663
3643
3615
3546
3504
3439
3380
3333
3288
3291
3260
3224
3191
3119
3102
3077
3049
3002
3017
3003
3012
3012
3029
3006
2986
3018
3016
3022
2965
2969
2930
2926
2912
2900
2877
2894
2870
2843
2839
2808
2847
2836
2844
2859
2870
2861
2899
2923
2877
2897
2914
2901
2895
2909
2890
2894
2944
2928
2919
2864
2856
2854
2881
2894
2902
2877
2903
2902
2924
2907
2945
2927
2949
2937
2920
2941
2944
2960
2974
2994
2977
2991
2989
3046
3027
3013
2983
2989
2973
2951
2941
2957
2976
3016
3015
2994
3031
3056
3047
3031
3056
3089
3074
3066
3064
3083
3070
3094
3083
3069
3079
3063
3065
3062
3060
3070
3049
3061
3062
3096
3097
3102
3145
3190
3206
3228
3242
3282
3272
3272
3260
3226
3209
3204
3168
3184
3197
3246
3222
3221
3263
3265
3277
3255
3229
3230
3281
3307
3276
3306
3289
3278
3306
3300
3317
3311
3269
3257
3266
3279
3237
3254
3232
3234
3179
3184
3214
3194
3191
3188
3249
3266
3277
3287
3311
3324
3309
3300
3326
3347
3323
3260
3273
3301
3308
3309
3308
3306
3329
3315
3295
3279
3311
3284
3283
3279
3303
3293
3295
3253
3239
3245
3271
3271
3308
3283
3293
3314
3335
3388
3413
3381
3395
3405
3370
3376

