6047
6053
6060
6105
6103
6105
6074
6125
6139
6160
6184
6204
6204
6191
6186
6173
6213
6214
6217
6193
6208
6235
6227
6232
6235
6212
6178
6192
6174
6148
6117
6097
6057
6044
5987
5948
5941
5895
5852
5811
5759
5726
5677
5650
5612
5563
5532
5507
5496
5424
5353
5311
5255
5236
5144
5104
5052
5030
5015
4958
4922
4922
4908
4832
4757
4761
4707
4647
4606
4570
4515
4499
4431
4369
4321
4292
4248
4223
4197
4198
4186
4157
4093
4068
4070
4013
4019
3976
3962
3945
3924
3866
3839
3759
3695
3649
3614
3591
3557
3517
3443
3401
3344
3326
3270
3245
3195
3184
3155
3136
3136
3094
3040
3034
3029
3006
3012
2969
2931
2908
2912
2917
2864
2834
2857
2891
2897
2911
2880
2881
2876
2908
2919
2915
2921
2948
2944
2962
2935
2900
2909
2962
2966
2984
2979
2988
2992
2986
2973
2981
2953
2924
2927
2949
2939
2932
2894
2902
2907
2943
2969
2934
2923
2932
2925
2925
2930
2892
2895
2910
2930
2926
2953
2971
2938
2972
2988
2968
2970
2960
2948
2968
2950
2960
2931
2967
2978
3008
3016
3016
3035
3048
3045
3073
3076
3073
3036
3022
3040
3047
3067
3060
3067
3065
3052
3110
3063
3070
3079
3113
3091
3092
3102
3106
3058
3066
3075
3118
3109
3110
3107
3134
3184
3172
3143
3153
3141
3157
3182
3159
3161
3187
3219
3241
3229
3250
3262
3263
3255
3264
3253
3271
3293
3298
3264
3259
3254
3267
3239
3235
3239
3245
3255
3317
3300
3265
3239
3254
3266
3281
3303
3269
3244
3204
3212
3234
3232
3211
3211
3234
3239
3223
3260
3268
3259
3265
3269
3305
3298
3298
3303
3284
3267
3267
3282
3282
3288
3291
3281
3265
3287
3299
3283
3284
3286
3282
3282
3283
3279
3296
3315
3327
3369
3360
3362
3358
3374
3378
3375
3384
3366
3353

