6039
6031
6043
6060
6054
6047
6081
6131
6160
6146
6145
6154
6158
6151
6148
6179
6216
6234
6260
6277
6246
6228
6257
6247
6259
6265
6288
6236
6246
6236
6209
6187
6117
6090
6084
6043
5987
5949
5905
5861
5817
5818
5796
5780
5754
5717
5663
5622
5527
5483
5422
5396
5350
5303
5308
5269
5225
5174
5107
5074
5026
5033
4987
4938
4879
4798
4766
4726
4740
4693
4645
4618
4578
4532
4509
4453
4402
4341
4280
4220
4181
4164
4092
4050
4021
4022
3978
3901
3863
3813
3808
3740
3694
3648
3625
3596
3583
3530
3486
3430
3415
3365
3342
3303
3270
3267
3219
3209
3170
3140
3114
3066
3045
3037
3055
3046
3023
2990
3014
2990
2966
2955
2932
2927
2919
2911
2952
2962
2922
2910
2948
2958
2963
2963
2978
2987
2961
2983
2982
3015
2991
2997
3017
3044
3024
3023
3046
3020
3048
3064
3025
3011
3034
3017
2997
3016
2998
3016
3025
2994
2977
2973
2998
2990
2971
2936
2908
2938
2927
2910
2929
2947
2939
2914
2946
2954
2962
2980
3035
3013
3039
3076
3051
3040
3020
3013
3010
3020
3036
3077
3054
3061
3076
3096
3107
3094
3064
3067
3096
3098
3093
3088
3114
3104
3137
3145
3151
3143
3134
3161
3193
3197
3234
3209
3231
3245
3283
3294
3284
3318
3310
3306
3290
3277
3284
3304
3327
3368
3369
3344
3295
3285
3329
3300
3283
3298
3315
3336
3361
3375
3353
3391
3408
3435
3410
3422
3395
3400
3394
3403
3390
3367
3380
3396
3360
3310
3257
3254
3292
3285
3287
3287
3281
3278
3301
3286
3294
3309
3302
3332
3340
3345
3378
3346
3373
3358
3327
3320
3316
3334
3324
3349
3350
3366
3382
3346
3342
3307
3270
3293
3341
3327
3318
3336
3354
3358
3378
3389
3371
3348
3338
3343
3339
3342
3356
3330
3349
3336
3361
3343
3373
3355

