6036
6036
6034
6020
6076
6060
6082
6110
6092
6103
6081
6121
6110
6136
6123
6140
6179
6192
6188
6196
6207
6237
6220
6208
6214
6193
6172
6181
6201
6183
6147
6094
6064
6084
6037
5962
5970
5896
5852
5805
5720
5680
5626
5625
5614
5575
5545
5512
5474
5407
5397
5372
5330
5269
5204
5117
5063
5013
4973
4919
4928
4885
4847
4786
4753
4700
4668
4616
4595
4574
4531
4497
4436
4352
4296
4297
4266
4215
4193
4157
4114
4069
4033
4030
3982
3955
3958
3942
3918
3914
3880
3869
3883
3884
3819
3767
3717
3644
3579
3547
3486
3418
3363
3339
3304
3240
3211
3197
3199
3142
3141
3132
3111
3107
3085
3058
3035
2996
3000
2991
2966
2947
2964
2969
2965
2966
2947
2941
2960
2935
2946
2919
2907
2933
2919
2914
2935
2922
2901
2911
2901
2889
2882
2910
2937
2964
2966
2956
2959
2923
2911
2889
2910
2931
2936
2911
2889
2891
2895
2894
2910
2889
2887
2911
2933
2880
2895
2913
2893
2916
2935
2922
2935
2916
2963
2973
2967
2950
2939
2940
2944
2914
2906
2916
2882
2886
2899
2883
2891
2919
2908
2936
2957
2962
3001
3013
3038
3068
3094
3067
3043
3042
3066
3097
3126
3122
3148
3172
3168
3201
3185
3170
3172
3146
3154
3165
3149
3175
3182
3216
3218
3198
3223
3186
3196
3171
3150
3138
3163
3157
3178
3142
3141
3153
3173
3139
3130
3112
3111
3128
3110
3119
3120
3135
3154
3159
3110
3129
3117
3102
3119
3156
3160
3196
3204
3227
3227
3223
3237
3234
3279
3272
3257
3277
3299
3282
3308
3334
3323
3342
3365
3345
3310
3291
3296
3266
3248
3264
3291
3317
3330
3321
3304
3311
3312
3325
3355
3348
3336
3299
3337
3316
3354
3388
3370
3331
3360
3342
3367
3409
3405
3411
3429
3436
3466
3470
3474
3465
3475
3463
3480
3486

