6220
6231
6251
6215
6217
6209
6246
6253
6292
6319
6288
6304
6310
6324
6346
6336
6322
6352
6363
6367
6366
6368
6394
6336
6293
6282
6269
6237
6213
6204
6206
6173
6132
6101
6080
6064
6041
5952
5931
5900
5872
5815
5839
5810
5747
5680
5610
5550
5520
5505
5441
5435
5382
5316
5250
5233
5179
5134
5109
5088
5049
5019
4942
4913
4881
4814
4779
4773
4719
4655
4580
4566
4571
4508
4447
4434
4414
4394
4360
4296
4253
4217
4161
4105
4098
4072
4034
4004
3967
3954
3940
3903
3885
3834
3751
3715
3667
3638
3544
3487
3466
3438
3386
3362
3329
3293
3287
3271
3272
3288
3220
3158
3117
3082
3048
2989
2984
2979
2993
2986
2989
2950
2940
2951
2934
2914
2892
2893
2912
2903
2933
2900
2910
2884
2893
2908
2890
2911
2971
2962
2967
2971
2966
2939
2951
2927
2912
2906
2925
2989
2979
2994
3011
3004
3004
2963
2950
2971
2936
2929
2932
2925
2935
2977
2987
2967
2985
3012
3015
3006
3022
3071
3080
3106
3095
3108
3132
3110
3109
3141
3118
3123
3117
3123
3121
3139
3120
3118
3101
3091
3085
3120
3145
3128
3165
3167
3172
3174
3184
3200
3168
3128
3083
3081
3107
3139
3125
3123
3135
3170
3168
3169
3171
3186
3187
3224
3228
3226
3198
3186
3177
3160
3171
3194
3170
3193
3233
3263
3267
3263
3246
3233
3218
3223
3254
3270
3249
3261
3276
3265
3255
3240
3251
3282
3255
3291
3270
3277
3267
3226
3246
3253
3266
3277
3278
3329
3338
3382
3367
3396
3354
3357
3325
3291
3235
3227
3223
3245
3254
3273
3312
3316
3284
3312
3348
3331
3330
3308
3325
3341
3342
3364
3332
3332
3379
3390
3364
3358
3347
3355
3364
3394
3408
3408
3389
3372
3399
3399
3426
3450
3455
3452
3435
3421
3427
3430
3469
3448
3448
3465
3483
3492

