5961
5991
6026
6049
6109
6123
6136
6133
6157
6190
6174
6192
6247
6294
6307
6297
6325
6303
6310
6333
6337
6350
6360
6374
6358
6315
6325
6323
6319
6304
6288
6293
6281
6267
6261
6191
6177
6142
6106
6037
5964
5933
5867
5812
5743
5696
5658
5617
5554
5520
5465
5475
5409
5389
5352
5275
5248
5191
5115
5120
5087
5021
4982
4940
4868
4790
4742
4705
4653
4600
4545
4473
4419
4397
4360
4315
4275
4257
4220
4185
4151
4112
4097
4050
4004
3972
3941
3902
3865
3852
3809
3768
3714
3667
3651
3638
3613
3597
3607
3557
3504
3469
3409
3339
3312
3285
3276
3253
3191
3134
3087
3076
3033
3006
2987
2980
2959
2910
2900
2871
2848
2839
2855
2891
2873
2836
2829
2860
2856
2875
2851
2866
2851
2871
2874
2867
2882
2848
2861
2870
2882
2881
2898
2873
2868
2838
2801
2813
2819
2806
2812
2842
2846
2862
2881
2908
2919
2952
2991
2992
2956
2931
2921
2940
2960
2934
2951
2931
2922
2949
2972
2969
3013
3023
3019
3002
3026
3048
3067
3067
3071
3097
3084
3087
3040
3012
3055
3057
3043
3008
3008
2999
2962
2982
3002
2992
2994
3027
3010
3036
3044
3087
3093
3094
3106
3129
3109
3107
3092
3061
3050
3061
3131
3149
3171
3153
3158
3184
3214
3190
3158
3170
3188
3199
3217
3210
3216
3224
3233
3233
3202
3214
3208
3180
3212
3194
3199
3175
3151
3117
3102
3129
3105
3142
3136
3154
3135
3155
3157
3160
3189
3213
3199
3207
3220
3226
3254
3234
3246
3246
3219
3213
3215
3218
3213
3223
3221
3224
3222
3208
3166
3177
3192
3165
3183
3171
3190
3188
3192
3226
3223
3249
3282
3287
3312
3327
3353
3374
3394
3385
3348
3353
3319
3349
3369
3390
3366
3377
3387
3387
3391
3382
3371
3416
3404
3425
3389
3405
3403
3400
3378
3352

