5998
5986
6025
6071
6086
6097
6062
6104
6114
6128
6117
6154
6176
6201
6212
6241
6226
6269
6289
6310
6288
6274
6245
6247
6231
6195
6200
6205
6225
6209
6183
6185
6156
6124
6089
6033
6012
5941
5904
5855
5807
5769
5744
5739
5698
5626
5593
5569
5503
5444
5446
5382
5348
5254
5177
5134
5071
5051
5000
4916
4881
4868
4797
4750
4724
4691
4638
4624
4610
4598
4541
4504
4422
4392
4354
4312
4264
4232
4184
4196
4168
4150
4119
4077
4060
4019
3949
3910
3890
3857
3857
3823
3758
3757
3756
3723
3720
3691
3660
3593
3508
3466
3429
3415
3413
3426
3357
3359
3337
3293
3237
3241
3248
3186
3167
3123
3076
3059
3005
2981
2933
2935
2921
2891
2854
2853
2860
2877
2905
2919
2940
2936
2922
2943
2970
2961
2986
2941
2972
2939
2938
2902
2913
2899
2904
2909
2928
2923
2892
2903
2873
2849
2826
2860
2838
2880
2862
2863
2868
2889
2913
2906
2906
2940
2944
2919
2923
2942
2963
2970
2996
3020
3001
2997
3019
3035
3016
3036
3051
3052
3036
3063
3039
3041
3044
3039
3048
3009
3009
3028
3063
3097
3085
3114
3129
3147
3143
3152
3158
3129
3117
3104
3068
3082
3048
3052
3067
3078
3105
3100
3121
3153
3148
3203
3170
3170
3232
3209
3224
3179
3186
3200
3230
3236
3260
3233
3223
3191
3186
3154
3135
3109
3115
3139
3164
3151
3137
3138
3132
3120
3112
3129
3141
3147
3153
3181
3180
3170
3195
3197
3253
3310
3306
3307
3302
3302
3332
3308
3335
3309
3289
3284
3288
3278
3315
3310
3309
3268
3278
3293
3266
3266
3263
3290
3315
3327
3354
3389
3354
3375
3372
3389
3344
3359
3349
3342
3325
3339
3370
3365
3398
3393
3389
3398
3413
3384
3411
3400
3424
3453
3463
3430
3414
3394
3375
3415
3397
3354
3320
3318
3279
3307

