6129
6163
6192
6190
6207
6227
6251
6272
6237
6265
6306
6321
6346
6342
6372
6363
6378
6425
6432
6392
6405
6421
6418
6410
6379
6399
6381
6359
6299
6286
6262
6208
6163
6114
6090
6035
5971
5926
5914
5909
5868
5820
5720
5660
5619
5579
5525
5480
5437
5392
5354
5325
5280
5247
5179
5162
5141
5109
5062
4987
4942
4877
4852
4818
4774
4746
4708
4684
4648
4635
4537
4474
4458
4425
4379
4330
4316
4275
4221
4221
4167
4127
4083
4029
3988
3952
3939
3896
3854
3776
3774
3781
3764
3731
3659
3643
3630
3610
3555
3534
3491
3422
3413
3346
3323
3337
3308
3272
3272
3201
3154
3104
3073
3049
3040
3027
3049
2985
3019
3046
3013
2984
2957
2911
2937
2949
2941
2941
2955
2963
2936
2901
2893
2901
2932
2916
2940
2969
2943
2946
2955
2946
2947
2941
2926
2870
2868
2869
2861
2881
2885
2914
2915
2902
2902
2898
2927
2951
2975
2955
2982
2981
2994
3004
2999
2997
3016
3057
3028
3021
3056
3040
3035
3007
3027
3019
3062
3065
3075
3064
3086
3040
3015
3027
3033
3052
3051
3026
2982
3022
3008
2984
2991
3018
3038
3074
3096
3090
3104
3124
3110
3121
3107
3112
3117
3125
3102
3128
3145
3156
3139
3151
3173
3187
3214
3248
3228
3253
3203
3220
3226
3199
3170
3174
3177
3177
3154
3174
3179
3192
3191
3146
3156
3141
3161
3172
3218
3214
3214
3225
3263
3256
3252
3232
3190
3219
3215
3182
3168
3171
3163
3175
3174
3180
3204
3211
3186
3179
3255
3261
3282
3274
3266
3264
3284
3345
3330
3362
3356
3339
3348
3341
3272
3263
3266
3265
3280
3281
3237
3243
3221
3233
3234
3243
3212
3208
3211
3253
3274
3310
3299
3264
3301
3303
3336
3332
3381
3420
3415
3436
3434
3413
3410
3414
3386
3400
3367
3366
3378
3342
3368
3365

