6160
6135
6106
6100
6090
6103
6110
6101
6096
6125
6140
6170
6193
6220
6203
6220
6261
6267
6278
6321
6337
6308
6314
6301
6291
6265
6265
6294
6277
6233
6211
6173
6127
6103
6093
6049
5996
5921
5889
5862
5809
5767
5729
5721
5664
5628
5603
5548
5489
5421
5388
5325
5288
5248
5214
5177
5152
5124
5102
5072
5017
4958
4903
4848
4802
4720
4680
4651
4622
4523
4479
4441
4387
4381
4364
4303
4248
4203
4192
4183
4154
4159
4139
4058
4024
4022
3977
3967
3938
3913
3937
3910
3889
3822
3801
3723
3719
3664
3654
3641
3586
3547
3530
3488
3484
3473
3429
3368
3317
3274
3223
3204
3170
3123
3101
3052
3008
2987
2959
2952
2980
2962
2939
2938
2968
2992
2979
2976
2982
2946
2946
2924
2916
2894
2871
2857
2850
2855
2846
2874
2921
2913
2924
2913
2897
2889
2939
2932
2897
2901
2970
2989
2961
2995
3024
3031
3015
2982
2938
2934
2928
2965
2966
2937
2964
2938
2956
2943
2970
2996
3013
3050
3032
3035
3055
3088
3069
3050
3011
3035
3070
3009
2975
2981
3020
3020
2995
3004
2999
3005
3034
3025
3041
3046
3041
3057
3085
3084
3111
3100
3111
3093
3079
3080
3101
3100
3051
3112
3099
3074
3088
3080
3110
3148
3107
3117
3103
3105
3111
3084
3126
3154
3197
3177
3199
3207
3247
3265
3273
3288
3348
3336
3325
3328
3335
3334
3326
3354
3318
3299
3275
3301
3306
3296
3264
3310
3279
3317
3300
3304
3307
3335
3329
3358
3342
3298
3315
3362
3340
3313
3318
3316
3301
3324
3325
3299
3331
3349
3331
3333
3343
3340
3373
3335
3378
3380
3379
3350
3375
3366
3385
3339
3337
3372
3351
3389
3391
3413
3411
3398
3415
3425
3431
3396
3387
3420
3359
3354
3364
3393
3434
3436
3416
3430
3440
3455
3417
3365
3352
3357
3348
3338

