6145
6169
6152
6162
6162
6144
6156
6146
6152
6198
6202
6226
6244
6251
6275
6285
6278
6278
6307
6356
6374
6362
6355
6327
6328
6310
6294
6309
6293
6287
6254
6206
6185
6169
6160
6120
6082
6086
6059
5986
5986
5919
5875
5830
5782
5737
5718
5669
5611
5583
5531
5471
5424
5364
5294
5232
5232
5212
5128
5100
5045
4990
4952
4980
4910
4858
4824
4802
4754
4710
4681
4656
4577
4515
4505
4478
4451
4421
4389
4345
4252
4232
4161
4155
4148
4110
4076
4037
3992
3927
3896
3852
3819
3766
3702
3681
3639
3637
3599
3599
3541
3509
3461
3452
3429
3409
3374
3366
3318
3239
3186
3157
3120
3095
3089
3129
3128
3100
3091
3047
3046
3067
3030
2990
2967
2980
2987
2965
2981
2957
2915
2914
2950
2938
2949
2938
2941
2932
2931
2902
2861
2812
2808
2822
2844
2860
2845
2880
2865
2865
2883
2889
2915
2919
2937
2947
2917
2939
2926
2906
2959
2934
2951
2957
2958
2975
2979
2951
2938
2961
2999
3012
3039
3035
3039
3044
3065
3094
3074
3062
3081
3052
3045
3021
2991
3009
3009
3034
3034
3047
3037
3056
3041
3029
3049
3073
3068
3075
3085
3088
3074
3079
3054
3045
3036
3029
3016
3087
3098
3075
3090
3115
3113
3128
3119
3125
3118
3156
3121
3113
3158
3147
3173
3170
3180
3166
3207
3206
3224
3226
3236
3266
3239
3262
3242
3227
3226
3268
3274
3269
3245
3232
3244
3268
3263
3270
3278
3320
3299
3290
3300
3285
3323
3292
3303
3294
3298
3309
3304
3283
3286
3343
3358
3340
3342
3357
3374
3395
3420
3409
3373
3385
3365
3390
3359
3361
3359
3338
3305
3309
3354
3341
3349
3387
3382
3421
3405
3383
3401
3375
3417
3445
3439
3444
3426
3425
3392
3406
3429
3436
3444
3446
3395
3379
3378
3362
3373
3367
3355
3379
3391
3421

