6041
6052
6116
6133
6165
6145
6173
6169
6146
6144
6185
6193
6208
6230
6239
6222
6241
6318
6338
6363
6356
6360
6362
6322
6279
6283
6280
6255
6205
6188
6185
6102
6044
6041
6067
6039
6010
5991
5970
5941
5945
5860
5813
5793
5727
5681
5641
5591
5555
5480
5475
5429
5391
5345
5271
5207
5137
5089
5027
4998
4943
4906
4876
4816
4765
4720
4674
4596
4561
4562
4531
4480
4444
4447
4438
4398
4330
4310
4260
4201
4120
4091
4048
4045
4045
3997
3990
3997
3951
3953
3928
3882
3822
3767
3727
3690
3672
3651
3596
3594
3511
3501
3456
3403
3371
3343
3299
3231
3207
3157
3135
3111
3118
3084
3055
3025
3045
3042
3030
3043
3053
3070
3065
3005
2963
2899
2875
2838
2826
2824
2814
2806
2816
2814
2859
2866
2883
2868
2887
2886
2888
2889
2870
2895
2919
2918
2925
2921
2925
2902
2921
2978
2958
3011
3034
3008
3014
3019
2987
3000
2965
2968
2995
3021
3043
3050
3078
3082
3118
3084
3034
3036
3025
3025
3014
2988
3000
3002
3017
3004
3023
3013
3053
3079
3085
3066
3128
3106
3116
3127
3126
3142
3127
3113
3123
3107
3106
3074
3063
3057
3082
3067
3063
3085
3067
3074
3079
3127
3132
3138
3122
3081
3076
3089
3065
3055
3069
3105
3122
3136
3149
3168
3184
3217
3202
3207
3196
3187
3210
3232
3233
3262
3260
3257
3248
3224
3204
3220
3267
3223
3226
3181
3186
3187
3179
3213
3261
3260
3264
3242
3243
3265
3262
3243
3253
3251
3290
3321
3314
3274
3278
3282
3272
3219
3255
3272
3243
3251
3267
3248
3250
3279
3273
3249
3229
3254
3266
3282
3273
3279
3303
3345
3289
3310
3305
3349
3350
3345
3330
3330
3359
3393
3379
3365
3328
3329
3334
3337
3332
3369
3342
3342
3334
3342
3332
3328
3336
3344
3364
3385
3405
3399

