6271
6316
6325
6332
6332
6359
6400
6388
6401
6443
6462
6504
6529
6520
6567
6576
6587
6621
6610
6607
6610
6637
6651
6631
6644
6629
6623
6567
6505
6448
6427
6377
6344
6335
6298
6306
6256
6245
6240
6191
6153
6083
6030
5985
5910
5860
5871
5795
5709
5653
5575
5538
5497
5441
5354
5293
5250
5181
5123
5066
5020
5008
4976
4917
4909
4854
4860
4783
4721
4658
4634
4600
4528
4488
4485
4462
4420
4362
4328
4297
4289
4246
4228
4181
4139
4126
4105
4075
4030
3980
3942
3903
3888
3858
3804
3776
3732
3708
3695
3654
3609
3590
3572
3516
3449
3407
3384
3330
3290
3219
3190
3169
3112
3081
3062
3011
3041
3046
3006
2982
3028
3059
3050
3045
3002
2975
2983
3003
3010
3001
3005
3006
3016
3005
3011
2995
2957
2914
2933
2957
2947
2904
2888
2898
2906
2918
2947
2948
2916
2931
2969
2970
2978
2929
2914
2907
2879
2872
2874
2897
2913
2918
2947
2985
2987
2986
2945
2976
3005
2957
2965
2989
3003
3022
3016
3074
3076
3051
3018
3077
3090
3089
3116
3106
3113
3097
3105
3120
3125
3132
3135
3123
3100
3054
3072
3077
3063
3072
3106
3094
3112
3116
3071
3070
3079
3078
3093
3104
3133
3121
3105
3130
3128
3135
3142
3162
3178
3200
3173
3195
3180
3201
3194
3170
3162
3166
3191
3186
3161
3172
3143
3150
3140
3151
3157
3172
3190
3223
3239
3238
3265
3263
3307
3303
3291
3299
3298
3316
3345
3338
3336
3308
3276
3301
3324
3255
3261
3267
3272
3294
3286
3254
3284
3281
3293
3287
3263
3213
3231
3230
3263
3274
3265
3275
3250
3270
3253
3269
3274
3285
3259
3232
3229
3236
3261
3250
3219
3249
3223
3238
3229
3267
3297
3308
3297
3300
3319
3342
3350
3403
3405
3416
3404
3401
3402
3418
3447
3429
3376
3390
3327
3344

