6155
6151
6173
6214
6252
6248
6263
6221
6237
6273
6266
6279
6269
6268
6284
6280
6304
6337
6302
6332
6331
6335
6313
6309
6318
6277
6260
6253
6199
6174
6170
6142
6152
6124
6103
6054
5988
5952
5925
5918
5919
5863
5785
5731
5707
5730
5673
5600
5540
5503
5470
5423
5316
5269
5255
5224
5222
5167
5128
5094
5027
5008
4992
4919
4873
4844
4780
4717
4694
4655
4622
4556
4489
4475
4456
4405
4351
4301
4273
4258
4225
4150
4123
4060
4037
4012
3981
3930
3920
3893
3839
3836
3823
3778
3727
3742
3693
3624
3572
3523
3480
3415
3381
3367
3363
3346
3361
3330
3295
3269
3243
3242
3214
3189
3174
3161
3119
3067
3051
3035
3021
2989
2970
2986
2985
2995
3000
2991
2984
2944
2955
2968
2990
3009
3043
3053
3040
2988
2980
3008
2987
2983
2957
2940
2924
2938
2937
2923
2926
2953
2927
2918
2954
2950
2917
2917
2902
2911
2915
2918
2920
2969
2979
2972
3020
3017
3005
3015
3009
3040
3049
3024
3014
3031
3022
3029
3017
3020
3042
3053
3048
3041
3038
3012
3014
3080
3070
3092
3100
3087
3127
3127
3114
3101
3087
3053
3073
3055
3113
3132
3126
3124
3135
3180
3180
3185
3162
3130
3167
3163
3123
3116
3179
3202
3232
3223
3235
3260
3247
3242
3233
3207
3195
3181
3156
3134
3148
3156
3177
3152
3118
3124
3140
3144
3178
3182
3205
3236
3226
3262
3267
3276
3274
3264
3291
3300
3292
3317
3289
3295
3316
3348
3339
3312
3285
3286
3277
3235
3212
3223
3261
3266
3259
3248
3266
3277
3293
3304
3349
3366
3384
3424
3442
3456
3457
3421
3423
3425
3395
3353
3345
3347
3345
3391
3378
3383
3377
3390
3408
3420
3418
3463
3460
3484
3493
3473
3443
3449
3439
3421
3422
3405
3398
3411
3407
3361
3350
3380
3393
3383
3409
3384

