6164
6181
6192
6222
6247
6289
6275
6259
6278
6333
6325
6312
6296
6289
6275
6312
6341
6333
6359
6383
6397
6395
6356
6368
6377
6387
6389
6402
6366
6337
6301
6275
6230
6196
6171
6129
6107
6063
6023
6018
6011
5966
5909
5854
5757
5761
5759
5734
5669
5601
5539
5552
5514
5434
5331
5304
5266
5217
5148
5132
5108
5065
5038
4999
4933
4892
4853
4799
4760
4679
4668
4637
4585
4554
4555
4536
4482
4475
4452
4399
4342
4257
4226
4139
4134
4102
4068
4037
4030
4001
3967
3936
3891
3865
3829
3798
3792
3742
3698
3627
3594
3554
3505
3455
3401
3387
3312
3234
3226
3169
3145
3135
3081
3049
3033
3041
3022
3015
2975
2956
2975
2956
2933
2916
2925
2928
2910
2873
2882
2859
2892
2899
2910
2930
2899
2879
2894
2864
2850
2823
2823
2834
2855
2880
2895
2893
2904
2926
2927
2904
2889
2926
2927
2941
2935
2950
2980
2989
2977
2933
2955
2966
2981
3002
2985
3017
3029
3036
3039
3039
3035
3027
3008
3013
3021
2996
3023
3031
3042
3065
3081
3086
3102
3116
3131
3142
3118
3135
3191
3137
3173
3180
3144
3150
3097
3104
3138
3153
3165
3178
3170
3181
3234
3236
3200
3224
3233
3248
3231
3208
3208
3206
3212
3235
3221
3205
3231
3221
3232
3254
3255
3287
3282
3324
3325
3331
3372
3363
3339
3308
3293
3278
3268
3263
3261
3233
3218
3222
3260
3272
3293
3258
3286
3276
3263
3321
3347
3362
3363
3387
3392
3362
3355
3335
3319
3326
3323
3336
3325
3292
3323
3288
3225
3226
3223
3229
3254
3241
3236
3244
3246
3280
3304
3324
3303
3338
3339
3365
3396
3418
3404
3400
3398
3413
3423
3397
3389
3419
3421
3404
3446
3428
3440
3402
3386
3362
3367
3373
3341
3360
3361
3360
3337
3371
3392
3382
3404
3441
3421
3438
3450
3468

