6024
6022
6012
6046
6036
6051
6073
6079
6116
6118
6110
6125
6121
6166
6168
6194
6192
6198
6239
6231
6268
6256
6267
6286
6246
6222
6188
6204
6170
6163
6110
6098
6057
6014
5967
5934
5921
5871
5852
5795
5772
5781
5724
5679
5646
5638
5597
5514
5472
5434
5451
5386
5345
5297
5228
5223
5157
5092
5033
4968
4939
4871
4829
4807
4804
4743
4742
4721
4659
4618
4629
4586
4525
4489
4425
4380
4321
4268
4234
4185
4119
4066
4044
4033
4000
3954
3915
3878
3852
3809
3795
3780
3731
3693
3671
3636
3633
3614
3560
3478
3452
3391
3335
3292
3272
3222
3213
3196
3172
3178
3097
3083
3006
2968
2979
2960
2973
2993
3019
3041
3040
2976
2945
2942
2924
2913
2927
2904
2912
2914
2935
2948
2955
2975
2976
2962
2937
2955
2977
2963
2956
2969
2984
3008
2972
2978
2976
2994
2962
2971
2980
2993
2959
2948
2960
2946
2934
2951
2942
2975
2960
2946
2971
2990
2992
3009
3000
2998
3007
2972
2977
2985
2970
2983
2988
3013
3027
3042
3034
3075
3075
3118
3094
3086
3065
3046
3077
3076
3091
3110
3127
3087
3114
3094
3086
3072
3111
3137
3164
3176
3154
3157
3151
3109
3128
3078
3105
3120
3151
3168
3123
3151
3157
3159
3178
3200
3192
3188
3176
3170
3200
3147
3189
3192
3185
3231
3248
3218
3201
3204
3223
3222
3201
3185
3222
3211
3202
3233
3252
3267
3284
3277
3305
3315
3319
3312
3294
3303
3286
3301
3269
3315
3307
3360
3334
3354
3371
3329
3309
3284
3277
3270
3245
3211
3201
3210
3216
3247
3236
3226
3224
3234
3232
3267
3270
3290
3311
3333
3326
3367
3378
3372
3403
3418
3438
3417
3465
3438
3406
3403
3374
3376
3366
3287
3321
3359
3344
3360
3354
3365
3362
3351
3327
3345
3355
3339
3377
3363
3360
3351
3374
3407

