6177
6192
6198
6220
6211
6261
6261
6295
6313
6325
6323
6342
6366
6381
6382
6407
6423
6444
6421
6437
6427
6376
6364
6354
6354
6352
6347
6322
6318
6277
6229
6226
6182
6164
6127
6114
6088
6033
5999
5978
5933
5892
5878
5793
5773
5712
5671
5644
5617
5586
5534
5524
5475
5426
5339
5297
5240
5177
5132
5053
5037
4982
4936
4906
4887
4834
4784
4736
4695
4654
4610
4572
4547
4503
4483
4428
4384
4331
4301
4265
4227
4213
4195
4193
4149
4084
4024
3991
3963
3927
3887
3871
3797
3768
3740
3685
3653
3658
3616
3589
3528
3525
3475
3434
3388
3337
3294
3249
3219
3222
3184
3130
3126
3108
3050
3047
3018
3035
3053
3046
3069
3056
3005
2957
2918
2894
2895
2882
2909
2907
2934
2931
2906
2934
2896
2862
2875
2904
2929
2955
2952
2907
2911
2946
2953
2996
2982
3005
3025
3032
3034
2993
3014
2998
2986
2996
2975
2985
2987
2988
2955
2941
2969
2961
2951
2927
2915
2909
2882
2825
2848
2848
2865
2858
2873
2904
2932
2952
2957
2936
2981
2954
2953
2942
2938
2962
2965
2982
2975
3000
2987
2985
2988
2988
2945
2951
2994
3019
3039
3041
3061
3080
3112
3085
3025
3029
3088
3118
3099
3120
3111
3174
3200
3180
3159
3183
3206
3203
3205
3174
3215
3220
3210
3229
3204
3194
3217
3241
3242
3268
3249
3208
3175
3160
3115
3097
3062
3084
3115
3104
3111
3139
3187
3212
3208
3199
3232
3265
3279
3262
3257
3253
3219
3256
3275
3303
3345
3333
3361
3335
3335
3313
3292
3256
3273
3262
3305
3266
3252
3262
3303
3293
3312
3297
3303
3282
3252
3249
3258
3240
3248
3275
3315
3298
3359
3376
3376
3392
3390
3384
3388
3383
3371
3388
3410
3380
3400
3433
3412
3444
3379
3384
3373
3426
3392
3368
3397
3402
3455
3461
3447
3485

