6128
6129
6141
6150
6152
6154
6165
6154
6188
6183
6221
6202
6229
6214
6261
6283
6278
6287
6313
6342
6372
6363
6328
6329
6364
6334
6327
6320
6315
6275
6196
6180
6143
6137
6066
6057
6037
6033
5969
5928
5913
5883
5820
5800
5777
5691
5652
5605
5553
5525
5471
5442
5432
5431
5347
5303
5294
5245
5194
5165
5133
5100
5054
4999
4937
4871
4849
4802
4757
4728
4681
4615
4569
4525
4498
4469
4432
4389
4371
4333
4272
4224
4182
4103
4109
4079
4003
3965
3935
3857
3850
3822
3756
3733
3739
3705
3638
3630
3619
3570
3547
3523
3466
3422
3404
3388
3324
3315
3272
3273
3236
3203
3165
3147
3116
3110
3059
3058
3071
3067
3037
3076
3061
3038
3052
3048
3026
3024
3035
3032
2993
3007
3025
3020
3020
3049
3044
3020
2991
2974
2995
2975
2926
2936
2949
2926
2921
2890
2898
2885
2903
2886
2906
2902
2940
2909
2897
2886
2911
2912
2933
3007
2997
3016
3024
3063
3030
3020
3010
3040
3039
3061
3052
3034
2997
2995
3010
2998
3034
3051
3056
3073
3114
3129
3136
3143
3138
3114
3097
3123
3132
3124
3120
3111
3126
3125
3144
3166
3185
3219
3230
3243
3272
3245
3289
3283
3272
3266
3258
3268
3298
3273
3231
3232
3224
3236
3245
3213
3188
3198
3162
3147
3124
3166
3155
3175
3153
3150
3180
3183
3192
3220
3254
3260
3268
3310
3264
3243
3235
3221
3214
3266
3300
3303
3326
3337
3332
3333
3311
3321
3319
3332
3328
3318
3294
3244
3277
3249
3224
3219
3220
3257
3275
3292
3255
3232
3260
3242
3275
3248
3252
3257
3288
3293
3291
3295
3308
3355
3352
3360
3323
3321
3339
3304
3280
3241
3229
3267
3278
3286
3303
3336
3309
3323
3329
3315
3292
3346
3295
3314
3342
3355
3351
3379
3413
3398
3385
3378
3389
3423
3415
3425

