6282
6277
6313
6333
6347
6354
6372
6355
6303
6323
6346
6326
6336
6318
6342
6344
6363
6376
6406
6377
6387
6376
6413
6448
6455
6475
6449
6422
6379
6353
6327
6272
6281
6266
6221
6143
6139
6122
6095
6073
6053
6002
5964
5868
5875
5836
5769
5727
5692
5669
5654
5600
5548
5524
5460
5375
5334
5339
5274
5244
5208
5190
5136
5075
5021
4980
4920
4870
4829
4766
4723
4679
4670
4672
4631
4608
4562
4546
4493
4413
4385
4345
4311
4291
4255
4200
4115
4070
4043
4078
4051
3999
3988
4000
3942
3924
3836
3797
3727
3684
3658
3570
3508
3460
3382
3373
3336
3290
3254
3234
3196
3171
3156
3149
3149
3131
3125
3122
3129
3121
3084
3069
3061
3063
3096
3044
3073
3037
3002
3014
3009
3033
3020
2994
2957
2973
2965
2970
2988
2984
3005
3027
3039
3031
3029
3061
3063
3072
3081
3086
3087
3088
3045
3043
3024
3012
3024
3001
2986
2991
3005
2975
2998
3007
3002
3022
3039
3066
3078
3042
3017
2957
2966
2988
2965
2971
2979
2988
3015
3007
3005
3018
3047
3050
3069
3072
3084
3065
3128
3142
3151
3169
3176
3170
3164
3184
3195
3180
3211
3205
3177
3191
3211
3210
3242
3198
3239
3255
3267
3244
3223
3236
3254
3236
3241
3253
3230
3208
3220
3236
3266
3273
3264
3302
3291
3290
3292
3308
3328
3340
3357
3341
3367
3370
3381
3393
3392
3409
3434
3437
3450
3411
3391
3410
3373
3399
3406
3382
3362
3395
3372
3392
3358
3309
3320
3316
3314
3304
3320
3355
3370
3383
3391
3422
3421
3428
3443
3438
3453
3439
3460
3440
3456
3392
3371
3387
3368
3363
3338
3359
3392
3425
3417
3405
3422
3444
3444
3451
3445
3463
3463
3476
3529
3529
3554
3572
3604
3570
3512
3494
3469
3438
3427
3411
3422
3451
3469
3474
3447
3492
3482
3469

