6042
6059
6081
6083
6103
6131
6143
6168
6167
6167
6186
6218
6232
6214
6219
6235
6247
6270
6243
6267
6270
6259
6229
6261
6245
6217
6252
6249
6273
6263
6257
6208
6196
6176
6137
6096
6078
6051
6010
5966
5896
5851
5841
5815
5764
5703
5653
5659
5592
5563
5489
5420
5414
5405
5381
5332
5328
5264
5218
5195
5164
5098
5075
5066
5029
4995
4945
4880
4835
4774
4726
4691
4629
4580
4539
4483
4424
4405
4347
4298
4239
4153
4154
4160
4143
4089
4049
4003
3967
3970
3934
3951
3942
3877
3834
3811
3807
3746
3675
3622
3546
3551
3517
3497
3437
3390
3364
3303
3282
3255
3225
3221
3230
3225
3204
3180
3139
3141
3105
3057
3036
3038
3055
3076
3043
2998
3018
2993
3010
2996
2960
2968
2976
2971
2981
2999
3011
3021
2987
2985
2986
3007
2995
2957
2961
2993
2978
2976
2992
3007
3019
3007
3022
3040
3050
3042
3039
3016
3037
3056
3047
3017
3007
2985
2986
3000
2984
3034
3020
3021
3045
3061
3069
3081
3074
3116
3124
3116
3126
3112
3079
3105
3099
3114
3115
3114
3129
3141
3164
3163
3173
3177
3161
3156
3159
3155
3169
3198
3162
3153
3165
3177
3183
3196
3225
3234
3254
3232
3173
3189
3187
3179
3184
3212
3219
3215
3198
3209
3224
3218
3217
3269
3279
3307
3276
3246
3304
3303
3274
3302
3337
3322
3334
3359
3388
3391
3398
3399
3399
3404
3428
3439
3427
3397
3394
3403
3416
3399
3406
3428
3425
3468
3431
3409
3402
3412
3440
3421
3408
3428
3392
3428
3412
3373
3353
3373
3394
3385
3380
3348
3354
3321
3282
3299
3303
3334
3375
3389
3409
3443
3443
3449
3448
3421
3414
3430
3457
3448
3494
3484
3475
3449
3451
3454
3410
3378
3369
3381
3349
3313
3318
3316
3333
3362
3354
3404
3398
3391
3401
3368
3391
3370

