6261
6288
6310
6341
6340
6374
6417
6448
6423
6422
6431
6400
6362
6346
6372
6414
6405
6437
6489
6492
6494
6519
6515
6498
6480
6485
6454
6388
6373
6338
6310
6274
6266
6223
6218
6183
6150
6155
6131
6087
6007
5969
5918
5854
5802
5804
5758
5707
5679
5667
5629
5564
5506
5470
5401
5335
5328
5265
5205
5143
5119
5089
5062
5000
4991
4940
4889
4881
4835
4770
4757
4726
4714
4676
4632
4583
4551
4529
4485
4462
4440
4446
4405
4367
4304
4269
4193
4160
4111
4044
3996
3923
3891
3914
3840
3795
3769
3710
3675
3638
3628
3597
3558
3491
3470
3467
3483
3476
3411
3339
3274
3255
3223
3164
3155
3121
3125
3170
3125
3119
3104
3113
3112
3132
3104
3086
3054
3022
3037
2991
3001
3045
3036
3037
3071
3053
3077
3096
3093
3067
3054
3017
3013
3019
3031
3039
3006
2972
2953
2942
2951
2959
2944
2958
2981
2995
2972
2970
2969
3025
3007
3017
3023
2983
2995
2969
2957
2961
2978
2983
2998
2983
2998
2996
3006
2997
2964
2995
3009
3031
3056
3079
3095
3086
3097
3170
3174
3169
3182
3208
3203
3186
3187
3238
3216
3222
3268
3306
3299
3279
3249
3284
3258
3263
3278
3307
3331
3352
3357
3323
3306
3336
3383
3377
3389
3362
3354
3396
3454
3424
3375
3389
3391
3390
3359
3345
3298
3297
3294
3315
3343
3333
3339
3348
3303
3298
3275
3264
3241
3272
3298
3321
3337
3337
3312
3345
3349
3310
3327
3354
3388
3348
3395
3383
3366
3356
3351
3362
3345
3349
3314
3328
3357
3375
3374
3393
3399
3367
3393
3367
3377
3383
3385
3419
3430
3419
3408
3372
3383
3360
3315
3357
3325
3327
3377
3371
3393
3397
3408
3413
3467
3456
3461
3466
3486
3486
3489
3477
3486
3448
3498
3525
3559
3514
3462
3476
3491
3501
3469
3479
3516
3573

