6149
6163
6156
6191
6213
6222
6260
6238
6266
6292
6322
6315
6335
6306
6302
6317
6308
6321
6338
6316
6322
6328
6302
6303
6288
6299
6284
6248
6251
6238
6226
6202
6155
6125
6097
6047
6017
5951
5963
5920
5893
5830
5819
5816
5783
5777
5715
5690
5673
5667
5642
5565
5502
5445
5441
5388
5379
5320
5246
5195
5149
5110
5087
5052
5064
5032
4987
4944
4919
4871
4829
4796
4739
4692
4637
4613
4545
4536
4466
4387
4395
4334
4265
4242
4190
4170
4114
4034
3979
3947
3947
3911
3886
3875
3835
3759
3715
3704
3654
3660
3618
3585
3556
3538
3494
3446
3403
3400
3371
3335
3312
3299
3279
3229
3212
3180
3146
3159
3169
3143
3138
3149
3107
3096
3076
3066
3064
3106
3066
3064
3045
3059
3058
3029
3010
3041
3032
3036
3018
3008
2979
2982
2986
3017
3033
3020
3043
3028
3089
3059
3025
2965
2926
2954
2972
2975
2940
2935
2982
2991
2997
3002
3004
3039
3058
3070
3091
3133
3136
3098
3085
3071
3121
3120
3116
3095
3125
3137
3157
3128
3143
3133
3125
3186
3197
3203
3243
3254
3287
3293
3303
3330
3276
3284
3260
3231
3206
3170
3180
3155
3175
3210
3203
3209
3258
3238
3244
3227
3171
3143
3155
3132
3169
3173
3175
3158
3154
3170
3164
3166
3171
3194
3200
3187
3217
3225
3236
3208
3243
3221
3236
3281
3285
3315
3309
3284
3274
3297
3299
3314
3297
3310
3328
3347
3379
3360
3364
3386
3420
3378
3356
3328
3341
3337
3338
3318
3312
3300
3320
3328
3368
3361
3362
3366
3366
3343
3346
3383
3371
3354
3394
3421
3433
3453
3491
3504
3457
3450
3468
3476
3492
3448
3427
3420
3467
3458
3463
3480
3491
3489
3451
3440
3477
3487
3488
3481
3447
3451
3461
3485
3467
3471
3457
3496
3501
3508
3511
3480
3472
3493
3524
3514

