6055
6053
6046
6047
6010
6007
6030
6065
6080
6114
6130
6167
6209
6201
6206
6245
6264
6272
6253
6248
6238
6247
6244
6270
6228
6220
6221
6233
6253
6211
6180
6176
6152
6112
6107
6070
6032
6002
6003
5954
5941
5880
5852
5825
5775
5702
5650
5609
5582
5550
5521
5449
5453
5421
5374
5338
5274
5221
5199
5145
5136
5072
5012
4958
4923
4893
4843
4819
4741
4696
4658
4654
4601
4556
4475
4474
4472
4447
4406
4353
4265
4237
4212
4147
4142
4065
4072
4040
4005
3972
3925
3896
3843
3842
3807
3773
3716
3672
3624
3599
3570
3539
3504
3485
3469
3482
3436
3427
3377
3374
3346
3326
3287
3236
3207
3231
3142
3114
3045
3035
2974
2961
2906
2900
2897
2878
2903
2913
2932
2932
2940
2914
2906
2881
2867
2845
2867
2911
2918
2910
2921
2934
2921
2927
2942
2947
2920
2925
2950
2914
2945
2960
2952
2970
2992
2980
2974
2968
2940
3011
3016
3002
2955
2987
2996
3033
2995
2991
2994
3023
3024
2989
3017
3016
3050
3007
3017
3026
3038
3057
3035
3058
3071
3076
3072
3105
3107
3128
3103
3081
3098
3074
3064
3086
3079
3062
3072
3085
3108
3149
3182
3170
3166
3179
3197
3180
3159
3132
3113
3106
3117
3111
3158
3150
3120
3129
3122
3156
3169
3158
3160
3205
3173
3178
3180
3176
3176
3200
3191
3238
3248
3221
3204
3237
3237
3243
3216
3197
3189
3247
3242
3226
3217
3242
3223
3241
3234
3248
3293
3309
3291
3286
3298
3324
3313
3276
3295
3325
3291
3295
3327
3348
3315
3285
3263
3265
3268
3248
3281
3338
3310
3308
3313
3306
3312
3340
3318
3307
3319
3331
3344
3382
3357
3333
3316
3284
3303
3362
3378
3375
3395
3411
3474
3490
3482
3448
3471
3473
3467
3491
3480
3490
3512
3507
3515
3517
3491
3519
3495
3498
3525
3521

