6227
6227
6244
6224
6220
6274
6291
6302
6323
6305
6299
6307
6294
6334
6339
6349
6319
6317
6341
6369
6346
6388
6423
6429
6392
6366
6326
6339
6312
6276
6242
6223
6209
6157
6149
6099
6040
6023
6005
5950
5887
5858
5853
5805
5749
5702
5687
5636
5601
5548
5503
5501
5495
5453
5396
5337
5292
5246
5212
5205
5157
5103
5041
5011
4960
4941
4901
4830
4754
4722
4675
4664
4642
4616
4579
4519
4454
4435
4409
4346
4293
4238
4165
4124
4104
4110
4096
4073
4046
4044
4017
3983
3916
3856
3794
3788
3743
3633
3588
3549
3505
3444
3422
3407
3397
3383
3337
3345
3366
3355
3349
3342
3331
3313
3286
3235
3221
3186
3185
3132
3122
3076
3095
3082
3042
3018
3000
3020
3002
3008
3017
2995
3006
3013
2986
3010
2999
2991
2985
2977
2979
2978
2983
2963
2996
3037
3032
3028
3023
3028
3066
3071
3081
3089
3074
3047
3074
3049
3045
3014
3017
3020
3021
3011
3028
3004
3008
3024
3045
3062
3073
3109
3078
3106
3094
3068
3076
3075
3064
3077
3071
3048
3015
3068
3070
3074
3120
3111
3100
3124
3141
3166
3157
3167
3157
3127
3143
3165
3129
3123
3120
3110
3095
3088
3106
3137
3158
3143
3168
3185
3189
3244
3279
3319
3320
3339
3325
3301
3333
3376
3408
3425
3435
3455
3461
3473
3457
3479
3481
3497
3484
3438
3407
3380
3377
3402
3427
3428
3424
3441
3436
3432
3420
3404
3362
3368
3364
3420
3430
3412
3404
3419
3402
3433
3435
3445
3446
3466
3477
3470
3480
3524
3583
3530
3543
3486
3454
3466
3448
3443
3418
3396
3406
3397
3434
3429
3388
3423
3456
3486
3470
3510
3516
3521
3528
3518
3523
3517
3521
3516
3468
3458
3459
3427
3421
3423
3442
3449
3433
3394
3392
3361
3350
3377
3373
3404
3430
3456
3491
3481
3472
3477

