51
54
53
58
59
61
59
59
59
57
55
53
53
56
57
58
58
58
58
56
56
58
61
60
61
59
59
58
59
57
58
56
57
57
59
59
62
64
63
61
62
60
61
57
59
59
61
61
61
59
59
58
59
61
58
62
59
57
51
51
55
53
55
53
54
58
58
58
58
58
61
65
68
69
65
60
60
62
61
59
50
49
48
41
40
38
39
37
36
36
37
39
42
34
33
35
38
40
40
44
44
47
46
43
42
40
41
38
44
42
41
43
43
40
32
31
34
36
33
31
30
29
33
34
30
32
36
37
38
42
40
38
32
32
28
28
28
28
27
28
28
30
34
36
32
29
30
25
25
24
23
25
24
27
24
25
24
27
28
29
29
29
34
39
37
40
41
41
41
40
41
38
40
41
42
47
45
44
40
38
40
39
42
41
42
43
45
46
43
40
36
39
37
36
37
32
29
31
30
36
37
36
32
34
36
38
41
40
38
36
36
36
34
37
37
41
42
40
39
41
39
39
37
32
32
35
37
35
38
35
34
35
38
39
37
32
28
28
28
29
31
38
39
42
43
42
43
38
33
34
31
33
29
33
37
37
39
36
34
33
33
37
34
35
35
35
37
37
35
37
35
35
36
36
38
37
39
44
44
45
48
50
48
50
49
45
46
41
39
42
39
39
36
36
35
38
35
37
35
30
33
35
35
34
35
39
41
43
43
41
38
39

