6126
6151
6173
6159
6201
6217
6217
6232
6224
6214
6209
6211
6215
6194
6199
6206
6232
6269
6297
6313
6337
6315
6311
6324
6289
6304
6286
6283
6240
6252
6247
6231
6183
6147
6134
6114
6055
5990
5925
5916
5924
5908
5815
5741
5692
5658
5657
5614
5578
5510
5460
5414
5359
5283
5240
5213
5180
5124
5144
5115
5076
5071
5023
4966
4923
4873
4851
4851
4806
4751
4702
4669
4630
4594
4570
4529
4486
4437
4408
4338
4269
4233
4174
4151
4153
4147
4118
4034
3992
4012
3978
3959
3910
3852
3799
3750
3711
3650
3622
3595
3592
3539
3540
3514
3478
3459
3461
3444
3382
3376
3343
3320
3311
3296
3269
3257
3213
3214
3192
3215
3134
3113
3105
3101
3110
3085
3047
3042
3043
3036
3051
3003
2977
2951
2939
2960
2958
2953
3007
3022
3067
3032
3017
3003
3031
3006
2987
2984
2992
3012
3008
3033
3041
3069
3054
3040
3055
3076
3097
3129
3100
3098
3079
3080
3081
3101
3112
3136
3139
3141
3112
3147
3132
3132
3126
3141
3124
3123
3142
3130
3104
3124
3120
3126
3121
3139
3164
3153
3162
3175
3135
3155
3174
3194
3249
3245
3222
3251
3310
3319
3350
3339
3293
3286
3303
3324
3319
3329
3315
3315
3301
3312
3263
3285
3270
3276
3317
3331
3336
3389
3378
3356
3353
3373
3350
3330
3341
3305
3354
3348
3358
3355
3373
3365
3360
3363
3363
3331
3318
3336
3334
3336
3306
3274
3275
3280
3240
3267
3239
3232
3243
3263
3253
3280
3302
3308
3265
3245
3253
3264
3270
3317
3314
3336
3349
3381
3405
3357
3349
3366
3344
3350
3366
3389
3388
3433
3423
3424
3434
3466
3462
3469
3442
3468
3472
3437
3411
3393
3373
3379
3388
3375
3417
3427
3481
3478
3493
3474
3477
3473
3512
3503
3530
3558
3576
3621
3603
3558
3602
3570
3584
3557

