6144
6131
6170
6197
6182
6210
6232
6225
6216
6227
6236
6274
6290
6301
6339
6337
6350
6378
6412
6459
6474
6438
6417
6402
6395
6370
6385
6370
6353
6286
6267
6194
6129
6112
6049
5981
5973
5929
5930
5893
5842
5826
5784
5725
5651
5646
5606
5601
5544
5505
5454
5416
5391
5345
5285
5266
5214
5192
5156
5119
5052
5000
4959
4960
4973
4958
4950
4913
4881
4843
4812
4783
4724
4685
4679
4596
4553
4473
4424
4372
4302
4286
4273
4252
4223
4181
4133
4117
4080
4037
4030
3969
3936
3883
3860
3788
3714
3744
3697
3670
3608
3590
3572
3495
3440
3439
3400
3408
3386
3342
3311
3248
3226
3220
3190
3180
3118
3130
3156
3128
3119
3110
3067
3046
3041
3043
3046
3050
2992
2983
2963
2983
2988
2997
3022
3034
2975
2987
3006
2995
2969
2964
2938
2955
2951
2914
2948
2959
2946
2942
2961
2949
2965
2987
2944
2959
2959
2962
2978
3002
3008
2969
2988
2977
2997
3023
3020
3035
3043
3040
3046
3063
3041
3032
3033
3033
3042
3010
3006
3019
2989
2982
2972
2933
2962
2953
2986
2997
3058
3094
3098
3097
3110
3146
3138
3169
3206
3239
3267
3237
3237
3252
3224
3201
3219
3234
3222
3182
3195
3213
3235
3229
3225
3250
3238
3211
3183
3169
3169
3180
3195
3217
3228
3215
3270
3250
3256
3257
3275
3303
3300
3247
3217
3267
3293
3267
3237
3231
3215
3267
3288
3310
3302
3312
3312
3312
3299
3338
3322
3349
3363
3358
3351
3374
3389
3415
3442
3445
3450
3418
3428
3462
3430
3420
3415
3363
3346
3321
3317
3297
3310
3330
3327
3365
3421
3395
3472
3492
3507
3533
3520
3482
3482
3456
3474
3449
3413
3415
3419
3375
3370
3382
3402
3360
3363
3333
3340
3320
3369
3405
3393
3387
3392
3434
3500
3499
3506
3499
3519
3497
3497
3537

