6067
6087
6095
6093
6095
6084
6106
6079
6073
6104
6135
6146
6191
6209
6200
6236
6255
6265
6276
6237
6219
6197
6234
6207
6188
6194
6219
6202
6201
6190
6152
6145
6106
6098
6043
6014
5964
5940
5892
5876
5853
5810
5766
5704
5655
5638
5608
5580
5560
5543
5465
5426
5331
5267
5237
5198
5166
5124
5127
5062
5007
4965
4946
4911
4895
4863
4794
4749
4739
4736
4709
4683
4658
4648
4628
4609
4572
4530
4498
4447
4469
4372
4320
4276
4209
4120
4105
4054
4027
4012
3997
3978
3945
3912
3916
3858
3793
3768
3764
3706
3699
3672
3599
3566
3501
3447
3403
3337
3334
3272
3272
3212
3190
3174
3176
3139
3161
3107
3119
3117
3110
3096
3092
3073
3046
3051
3062
3039
3045
3037
3023
3060
3061
3051
3051
3059
3028
3011
3003
3039
3045
3027
3058
3044
3037
3035
3012
3032
3042
3017
3003
3015
3034
3046
3048
3064
3086
3109
3105
3076
3061
3069
3007
3015
2983
2958
2940
2958
2991
2997
3023
3050
3056
3052
3027
3014
3014
3060
3047
3074
3070
3089
3070
3070
3084
3079
3087
3089
3101
3120
3162
3159
3160
3190
3156
3174
3147
3138
3112
3108
3139
3180
3167
3188
3192
3182
3170
3171
3163
3196
3245
3216
3259
3262
3304
3266
3278
3281
3316
3289
3279
3282
3323
3330
3303
3341
3338
3337
3380
3401
3356
3336
3304
3325
3354
3358
3370
3402
3385
3372
3394
3376
3388
3402
3399
3403
3385
3364
3376
3379
3372
3383
3392
3425
3445
3431
3465
3459
3418
3384
3361
3366
3364
3361
3370
3386
3377
3353
3381
3369
3337
3331
3304
3269
3291
3257
3250
3301
3263
3279
3309
3321
3309
3340
3325
3309
3313
3314
3326
3347
3366
3376
3345
3354
3362
3373
3389
3382
3386
3400
3397
3409
3368
3360
3350
3328
3395
3339
3324
3342
3359
3370

