6181
6144
6136
6143
6193
6165
6195
6222
6212
6238
6227
6219
6249
6270
6298
6328
6292
6297
6280
6301
6298
6297
6313
6331
6341
6347
6340
6328
6330
6304
6313
6277
6241
6226
6174
6165
6103
6040
5991
5931
5898
5873
5801
5744
5722
5675
5613
5569
5510
5495
5487
5451
5406
5371
5320
5246
5189
5138
5076
5016
4981
4977
4958
4918
4896
4858
4796
4771
4748
4691
4682
4629
4586
4544
4499
4530
4518
4475
4383
4323
4299
4305
4227
4160
4141
4108
4051
3992
3965
3983
3983
3915
3885
3849
3821
3787
3752
3672
3646
3615
3587
3548
3522
3513
3452
3459
3412
3383
3361
3336
3302
3247
3241
3207
3216
3197
3181
3152
3096
3050
3071
3072
3069
3054
3031
3001
2976
2959
2956
2953
2947
2940
2954
2930
2922
2905
2944
2946
2933
2951
2958
2973
3002
3026
3049
3024
3006
3032
3025
3057
3070
3050
3072
3075
3065
3074
3031
3044
3034
3040
3052
3086
3034
3056
3085
3104
3085
3079
3075
3062
3064
3069
3050
3003
3006
2979
2990
2975
2994
2997
2990
3016
3015
3031
3025
3011
3016
3034
3007
2985
2983
3002
3004
3039
3047
3052
3069
3064
3065
3056
3047
3013
3031
3019
3032
3025
3041
3058
3066
3074
3076
3125
3125
3140
3178
3191
3189
3183
3193
3195
3202
3212
3227
3250
3236
3223
3222
3248
3255
3247
3216
3189
3200
3276
3250
3259
3261
3252
3287
3272
3239
3255
3236
3213
3227
3244
3277
3288
3302
3299
3296
3336
3355
3346
3296
3297
3315
3310
3301
3297
3306
3311
3262
3277
3295
3250
3253
3240
3266
3291
3291
3268
3312
3313
3324
3348
3331
3374
3322
3299
3317
3384
3388
3427
3394
3368
3386
3388
3408
3433
3407
3418
3405
3387
3454
3477
3474
3496
3479
3525
3523
3538
3559
3503
3488
3507
3516
3519
3534
3558
3544
3557

