6078
6080
6084
6056
6087
6134
6144
6156
6190
6194
6221
6235
6212
6242
6220
6243
6235
6271
6285
6302
6322
6312
6301
6279
6311
6293
6276
6261
6256
6210
6183
6145
6105
6048
5986
5982
5987
5981
5963
5922
5928
5919
5911
5888
5868
5800
5730
5660
5627
5589
5513
5441
5419
5385
5361
5359
5317
5269
5247
5191
5182
5141
5124
5081
5007
5000
4963
4895
4817
4781
4709
4702
4633
4584
4537
4511
4477
4437
4422
4367
4328
4285
4239
4229
4229
4227
4197
4178
4124
4060
4005
3950
3939
3930
3890
3884
3819
3755
3730
3695
3622
3565
3569
3525
3494
3434
3392
3390
3377
3295
3267
3222
3218
3242
3197
3149
3138
3122
3081
3058
3045
3010
2991
2997
3014
3036
3016
3031
3038
3040
3051
3078
3060
3062
3079
3045
3014
2978
3007
3015
3026
2984
3013
3012
3015
2969
2977
2967
2968
2984
2974
2965
2976
2962
2988
3006
3023
2997
2998
3033
3020
3018
3001
3002
2988
2992
2991
3020
3039
3017
3060
3058
3062
3067
3088
3098
3134
3149
3129
3106
3139
3121
3117
3138
3149
3119
3093
3117
3080
3054
3056
3061
2997
2969
2938
2929
2928
2935
2934
2969
3021
3085
3103
3093
3129
3120
3170
3179
3160
3150
3168
3139
3131
3123
3103
3095
3123
3132
3117
3129
3138
3130
3178
3190
3180
3184
3195
3178
3187
3175
3184
3214
3243
3283
3318
3285
3322
3311
3289
3288
3299
3314
3308
3294
3266
3251
3271
3256
3258
3278
3286
3248
3317
3347
3359
3368
3360
3348
3366
3386
3356
3353
3360
3365
3366
3378
3347
3332
3349
3365
3372
3330
3348
3355
3367
3410
3413
3448
3452
3449
3468
3467
3480
3466
3464
3448
3455
3434
3453
3471
3468
3445
3456
3434
3439
3417
3419
3382
3377
3369
3365
3391
3432
3420
3412
3454
3481
3484
3472
3479
3449
3439

