6037
6043
6072
6084
6112
6101
6084
6098
6058
6066
6065
6034
6069
6095
6138
6104
6140
6159
6199
6200
6203
6244
6247
6262
6268
6271
6252
6223
6237
6224
6227
6176
6159
6149
6130
6063
6016
6014
5968
5918
5887
5858
5813
5752
5694
5672
5628
5584
5528
5493
5435
5393
5365
5356
5316
5245
5220
5163
5140
5136
5116
5045
5047
5003
4964
4923
4873
4840
4837
4806
4745
4674
4620
4590
4528
4462
4404
4339
4302
4278
4244
4181
4140
4118
4072
4051
4040
3994
3981
3976
3940
3933
3910
3877
3842
3809
3779
3717
3699
3635
3620
3611
3597
3600
3598
3591
3529
3446
3402
3385
3357
3305
3290
3258
3219
3153
3154
3163
3150
3155
3164
3153
3161
3149
3118
3109
3081
3079
3082
3105
3095
3090
3093
3084
3094
3114
3111
3112
3101
3063
3080
3055
3041
3037
3027
3003
2982
2987
2988
3016
2988
2997
3014
3027
3012
3038
3047
3091
3108
3110
3075
3082
3084
3081
3119
3135
3140
3168
3183
3211
3246
3212
3173
3149
3148
3160
3165
3153
3175
3179
3184
3185
3178
3169
3137
3136
3141
3159
3154
3144
3115
3127
3159
3146
3186
3162
3126
3098
3080
3037
3068
3099
3094
3092
3092
3117
3113
3110
3122
3126
3092
3099
3093
3131
3127
3170
3181
3202
3186
3186
3179
3205
3215
3188
3155
3159
3184
3198
3230
3265
3292
3286
3298
3300
3314
3294
3316
3302
3305
3319
3333
3331
3362
3334
3346
3366
3374
3365
3358
3371
3357
3355
3387
3389
3394
3412
3355
3393
3434
3424
3415
3386
3346
3331
3331
3380
3363
3351
3387
3406
3387
3351
3353
3342
3349
3344
3347
3393
3407
3417
3421
3433
3441
3424
3414
3393
3416
3434
3473
3469
3498
3478
3463
3484
3465
3465
3471
3453
3435
3421
3452
3456
3516
3529
3519
3518
3488
3538
3530
3528
3500
3538

