6116
6095
6108
6114
6129
6150
6173
6149
6184
6186
6241
6213
6193
6182
6180
6197
6208
6227
6258
6232
6267
6269
6266
6262
6232
6220
6228
6232
6225
6191
6196
6167
6158
6123
6093
6049
6005
6003
5988
5954
5919
5884
5870
5811
5742
5662
5608
5569
5483
5417
5361
5277
5244
5180
5141
5100
5066
5031
5007
4937
4919
4888
4856
4848
4782
4732
4704
4699
4652
4587
4571
4544
4516
4557
4524
4471
4448
4366
4350
4301
4300
4277
4220
4191
4164
4118
4105
4087
4055
3994
3978
3924
3921
3888
3813
3742
3691
3645
3634
3554
3515
3497
3469
3432
3380
3321
3281
3256
3270
3254
3204
3206
3204
3154
3121
3093
3075
3046
3008
2963
2971
2976
2978
2982
2969
2968
2939
2971
2936
2928
2932
2919
2954
2947
2958
3002
2997
2986
3005
2987
2988
2968
2944
2974
2964
2943
2896
2913
2913
2906
2875
2837
2876
2897
2883
2902
2931
2935
2983
2989
2986
2962
2992
2965
2975
2981
2955
3014
3039
3044
3024
3007
2999
3004
3022
3061
3075
3073
3078
3062
3043
3019
3019
2968
2990
2990
2980
2988
3028
3051
3059
3093
3115
3140
3126
3133
3147
3144
3150
3206
3207
3193
3176
3191
3220
3252
3251
3240
3229
3191
3207
3179
3227
3207
3231
3216
3203
3224
3205
3182
3157
3161
3171
3190
3158
3126
3198
3217
3211
3217
3191
3231
3258
3240
3311
3316
3336
3339
3305
3302
3296
3258
3263
3280
3256
3242
3235
3264
3285
3270
3255
3270
3278
3234
3248
3242
3212
3228
3286
3303
3293
3303
3345
3334
3312
3288
3331
3360
3368
3357
3372
3378
3392
3370
3363
3372
3327
3312
3308
3315
3363
3352
3363
3365
3384
3388
3382
3406
3405
3408
3389
3408
3375
3381
3392
3356
3407
3385
3392
3439
3461
3499
3454
3423
3418
3414
3410
3423
3441
3461
3486
3512

