6122
6134
6141
6108
6122
6156
6208
6217
6219
6218
6201
6201
6216
6218
6182
6175
6208
6203
6242
6256
6290
6280
6269
6246
6219
6222
6227
6203
6167
6157
6128
6115
6089
6058
6046
6042
6029
6007
5950
5900
5856
5780
5742
5696
5679
5639
5621
5597
5567
5524
5537
5518
5455
5405
5373
5307
5203
5155
5094
5028
4963
4934
4887
4880
4881
4819
4777
4711
4668
4642
4611
4530
4534
4500
4509
4440
4406
4398
4405
4402
4406
4358
4331
4293
4252
4225
4183
4155
4104
4078
4043
4038
3977
3925
3899
3848
3791
3742
3738
3647
3653
3639
3650
3589
3563
3544
3512
3457
3419
3394
3358
3294
3269
3218
3208
3191
3156
3137
3153
3142
3114
3085
3063
3062
3063
3055
3067
3066
3054
3061
3044
3054
3027
2990
2961
2987
2952
2934
2959
2973
2933
2941
2989
2974
2970
2953
2931
2926
2960
2932
2958
2973
2974
2978
2982
2947
2980
2954
2923
2965
2990
2984
2984
2996
2975
2986
3012
3015
3001
2996
3016
3008
3003
2989
3003
3043
3059
3094
3095
3097
3050
3058
3059
3081
3064
3062
3086
3083
3085
3073
3062
3076
3017
3074
3064
3094
3113
3102
3106
3105
3104
3120
3104
3139
3173
3168
3176
3197
3251
3299
3338
3370
3367
3369
3341
3300
3274
3252
3235
3258
3252
3249
3236
3234
3222
3210
3229
3221
3220
3224
3263
3262
3250
3231
3233
3225
3222
3246
3298
3332
3326
3312
3322
3326
3336
3310
3339
3323
3373
3366
3383
3394
3397
3373
3377
3378
3394
3403
3408
3392
3375
3399
3435
3358
3364
3383
3399
3395
3396
3418
3391
3377
3366
3373
3391
3405
3433
3446
3441
3430
3390
3400
3398
3396
3456
3403
3446
3457
3486
3482
3534
3503
3536
3546
3535
3516
3546
3580
3579
3575
3619
3626
3633
3623
3631
3613
3631
3607
3591
3565
3588
3591

