6032
6057
6076
6081
6087
6120
6150
6163
6181
6158
6137
6128
6124
6125
6133
6087
6144
6175
6148
6136
6155
6152
6135
6152
6171
6159
6121
6101
6127
6075
6068
6030
6009
5994
5983
5954
5912
5882
5865
5870
5879
5865
5844
5801
5739
5699
5664
5613
5611
5536
5464
5458
5382
5332
5281
5271
5174
5145
5079
5029
5013
4968
4920
4921
4911
4906
4846
4811
4786
4745
4692
4654
4604
4559
4505
4474
4480
4432
4396
4393
4329
4277
4263
4227
4184
4196
4145
4129
4064
4034
3984
3988
3954
3934
3918
3883
3851
3812
3783
3744
3702
3643
3620
3540
3479
3476
3439
3383
3405
3385
3380
3343
3333
3284
3243
3226
3197
3183
3154
3124
3088
3055
3052
3033
3020
3003
3006
2981
2976
2973
3012
3004
2999
3010
3019
3037
3005
2992
3011
3001
2993
3008
3030
3002
2978
2947
2961
2957
2948
2927
2935
2907
2928
2930
2904
2888
2899
2969
2993
3004
2998
3027
3020
3024
3070
3082
3096
3087
3079
3067
3084
3096
3115
3083
3076
3073
3080
3127
3165
3162
3149
3120
3116
3127
3109
3090
3119
3141
3155
3181
3173
3174
3176
3200
3215
3137
3148
3117
3116
3133
3129
3113
3146
3146
3180
3164
3213
3236
3220
3227
3235
3221
3239
3216
3241
3216
3227
3211
3219
3224
3212
3181
3197
3200
3222
3246
3246
3215
3222
3201
3207
3208
3206
3181
3213
3218
3234
3276
3284
3299
3319
3311
3322
3336
3361
3346
3332
3358
3377
3384
3374
3388
3364
3386
3419
3399
3396
3401
3381
3396
3353
3352
3384
3331
3373
3371
3344
3327
3311
3302
3351
3362
3372
3417
3439
3423
3488
3498
3553
3539
3489
3486
3470
3475
3442
3418
3429
3417
3415
3430
3397
3434
3493
3528
3540
3522
3484
3492
3500
3478
3477
3466
3457
3493
3470
3451
3509
3498
3498
3438
3443
3461

