6234
6241
6227
6267
6267
6284
6286
6308
6321
6338
6355
6364
6362
6360
6378
6404
6428
6454
6504
6458
6454
6449
6454
6412
6380
6369
6364
6368
6353
6336
6302
6278
6258
6245
6231
6161
6140
6092
6063
6039
6028
5988
5934
5874
5862
5796
5735
5694
5670
5625
5566
5507
5466
5379
5321
5252
5164
5151
5102
5053
5028
5016
4971
4905
4869
4849
4795
4729
4669
4624
4599
4536
4463
4476
4402
4360
4350
4310
4306
4276
4224
4190
4170
4175
4136
4104
4096
4052
4008
3948
3932
3912
3862
3821
3792
3785
3794
3773
3752
3695
3673
3611
3580
3508
3468
3389
3331
3306
3268
3234
3244
3227
3207
3167
3165
3154
3113
3079
3062
3052
3063
3029
3026
3001
3035
3017
3014
3008
2989
3013
3031
3039
3029
3057
3070
3073
3106
3097
3106
3105
3127
3128
3119
3087
3087
3027
3016
3012
3025
3003
3001
2987
2992
2986
3002
3013
3010
3026
3044
3123
3059
3063
3050
3062
3072
3063
3048
3055
3030
3026
3042
3021
3015
3018
3025
3054
3091
3106
3107
3076
3067
3097
3100
3075
3070
3016
3024
3021
3039
3056
3047
3082
3144
3170
3162
3168
3180
3170
3197
3204
3204
3237
3255
3219
3207
3209
3216
3256
3255
3257
3235
3220
3231
3259
3244
3224
3218
3221
3234
3226
3207
3210
3267
3269
3273
3300
3276
3267
3281
3312
3328
3353
3372
3396
3414
3396
3369
3416
3416
3402
3407
3376
3426
3411
3364
3369
3409
3366
3366
3370
3378
3389
3395
3389
3365
3390
3417
3401
3414
3397
3395
3377
3378
3390
3411
3412
3379
3389
3434
3442
3431
3457
3435
3425
3436
3400
3420
3441
3419
3402
3430
3409
3444
3446
3421
3438
3453
3454
3427
3408
3409
3451
3471
3458
3494
3466
3451
3483
3453
3441
3431
3398
3419
3424
3432
3477
3486
3459
3512
3531
3507
3519

