6129
6119
6096
6115
6128
6130
6108
6115
6125
6132
6126
6157
6201
6225
6214
6199
6217
6205
6200
6225
6241
6222
6212
6226
6237
6244
6235
6213
6208
6183
6181
6161
6162
6147
6125
6087
6089
6049
6039
6017
5965
5971
5890
5870
5816
5807
5740
5685
5655
5611
5558
5492
5448
5415
5362
5323
5265
5202
5153
5093
5052
5001
5016
4985
4975
4975
4928
4894
4857
4803
4772
4710
4694
4608
4538
4532
4466
4420
4392
4334
4305
4276
4215
4189
4119
4087
4036
4005
4002
3950
3909
3874
3835
3820
3772
3748
3697
3670
3639
3634
3632
3595
3583
3540
3486
3452
3441
3392
3391
3355
3342
3288
3226
3197
3126
3100
3066
3044
3023
3029
3063
3073
3071
3063
3040
3057
3028
2988
2977
2964
2966
2969
2975
2976
2978
2970
2978
2959
2997
2988
3001
2990
2967
2976
2931
2927
2946
2930
2923
2906
2916
2893
2881
2886
2915
2904
2925
2945
2958
2981
3011
3063
3089
3043
3051
3070
3066
3048
3036
3032
3078
3065
3070
3064
3068
3066
3086
3103
3165
3125
3135
3133
3105
3112
3090
3075
3041
3028
3059
3059
3063
3078
3079
3108
3140
3122
3168
3125
3169
3159
3164
3146
3165
3177
3152
3130
3149
3149
3148
3152
3151
3138
3127
3141
3163
3176
3212
3207
3223
3195
3221
3225
3226
3242
3281
3305
3308
3272
3266
3294
3325
3315
3285
3282
3258
3250
3264
3268
3214
3173
3191
3188
3221
3215
3232
3284
3294
3357
3348
3370
3344
3337
3340
3363
3379
3402
3367
3355
3375
3395
3379
3373
3376
3410
3428
3432
3384
3396
3407
3382
3403
3400
3420
3440
3424
3396
3414
3464
3434
3434
3441
3436
3415
3429
3434
3450
3428
3392
3374
3348
3364
3398
3381
3395
3414
3416
3402
3418
3438
3438
3407
3417
3402
3384
3406
3391
3388
3432
3407
3418
3445
3420

