44
47
47
46
51
54
54
51
51
54
54
52
49
48
46
43
44
44
44
45
48
45
46
44
45
46
44
45
44
42
41
40
38
40
37
38
38
37
34
33
35
34
35
36
35
35
36
37
37
35
35
32
34
31
30
31
32
33
30
27
25
27
29
32
31
31
30
31
31
32
32
31
31
34
33
31
30
32
31
30
25
26
25
26
26
25
26
26
28
28
26
24
26
29
27
25
27
28
26
25
24
23
25
26
26
22
25
26
27
26
26
29
29
30
28
24
22
24
23
22
19
18
18
21
19
18
17
17
17
19
22
27
26
27
27
27
30
28
29
26
26
28
29
27
26
24
23
23
22
25
22
22
23
21
20
18
23
26
25
27
26
26
27
29
28
32
32
29
29
30
30
27
25
25
22
21
23
24
25
27
25
27
29
30
30
27
24
24
26
27
28
28
29
28
29
27
25
23
19
19
19
24
24
25
25
26
30
29
27
29
27
26
24
27
28
29
27
27
29
28
24
22
22
20
22
22
23
23
23
24
25
28
25
24
20
18
16
17
20
21
23
23
21
23
27
25
23
24
25
25
24
24
24
20
19
21
25
21
22
22
21
20
24
23
25
27
27
29
30
31
29
28
25
26
28
31
32
32
32
31
29
25
24
25
27
26
31
29
34
33
38
40
35
34
32
31
30
29
30
28
26
28
27
27
24
24
27
26
25
27
25
30
29
31
33
31
28
26
27
24
23
23
22
25
25
24
21
21
22
20
22
23
21
24
25
26
25
26
25
26
28
28
30
32
31
28
29
28
28
27
26
25
26
25
24
19
20
19
18
20
21
23
21
22
21
23
25
26
25
24
22
24
26
31
31
31
29
31
31
35
33
32
34
33
34
32
33
31
29
25
23
24
24
21
20
21
20
19
20
21
21
21
19
18
17
16
13
12
11
10
12
13
12
16
17
19
20
19
18
20
21
19
23
27
28
30
30
29
27
25
26
21
20
22
20
20
20
21
20
24
25
24
24
28
28
27
26
25
27
25
25
26
25
26
26
27
25
26
25
23
22
26
25
26
29
29
30
32
33
32
29
29
30
29
28
22
20
19
23
22
22
18
20
17
22
21
22
26
27
29
29
26
29
26
28
26
19
18
19
21
22
22
23
23
