61
61
61
65
67
69
68
69
69
66
65
68
65
65
64
63
60
57
57
58
55
57
57
54
52
51
51
52
51
52
50
45
45
46
46
46
46
48
49
51
48
46
45
44
45
47
45
44
44
44
42
41
41
39
37
35
37
34
34
34
34
33
33
37
32
36
39
39
36
37
34
34
36
35
34
33
33
34
35
36
38
39
36
35
35
33
34
38
36
36
37
36
37
34
31
30
25
27
27
30
32
29
25
25
26
24
19
22
20
21
21
21
23
22
22
23
23
22
21
21
20
22
22
25
29
28
26
25
23
23
23
21
23
25
27
25
26
26
28
30
30
29
28
27
29
29
30
29
28
30
29
31
28
26
26
24
21
20
19
20
19
20
18
19
20
17
18
17
15
14
15
16
16
18
19
22
22
28
26
26
26
22
22
26
27
25
24
25
28
25
23
24
20
19
17
18
18
19
15
17
20
18
19
21
23
22
25
26
26
24
23
22
24
24
26
27
29
28
30
32
31
34
31
29
29
27
26
25
23
25
24
26
26
26
26
27
28
27
30
30
32
29
28
29
28
30
28
24
22
18
20
21
20
22
22
23
20
18
19
22
22
25
25
24
24
23
25
28
27
27
30
32
31
29
29
31
32
33
33
35
36
34
31
30
30
26
27
29
32
33
34
35
31
30
32
30
30
30
27
27
28
27
25
26
31
29
29
29
28
28
27
25
27
26
25
25
26
30
33
33
35
33
29
29
27
25
26
25
23
20
19
19
24
23
27
30
30
33
36
35
32
31
27
29
31
30
28
26
25
24
25
25
26
26
24
27
25
27
27
28
29
31
29
30
24
25
22
26
25
27
26
30
35
36
35
35
35
37
37
35
36
35
35
32
31
34
34
32
31
29
28
25
26
27
27
29
26
27
28
31
30
29
28
25
26
28
29
28
31
32
36
39
40
39
42
41
42
40
40
38
40
36
38
35
36
34
32
32
32
35
31
36
38
39
40
35
36
37
33
31
28
30
32
31
33
32
31
35
33
31
33
32
35
32
29
26
24
22
21
22
22
24
29
28
30
30
30
31
30
31
32
33
33
35
31
31
28
29
22
23
22
23
21
16
18
20
19
20
21
24
27
31
31
31
32
28
28
28
29
33
33
28
29
26
